 &FCI NORB=  10,NELEC=10,MS2=0,
  ORBSYM=1,1,1,1,1,1,1,1,1,1,
  ISYM=1,
 &END
 0.2656996273106669    1    1    1    1
 -2.131069971369498e-05    2    1    1    1
 0.06495798681037222    2    1    2    1
 0.226874640079908    2    2    1    1
 3.017073518415886e-05    2    2    2    1
 0.2429899754140059    2    2    2    2
 1.726570275639716e-14    3    1    1    1
 2.498001805406602e-15    3    1    2    1
 1.09426356864617e-14    3    1    2    2
 0.06403498118956585    3    1    3    1
 -2.272487753529617e-15    3    2    1    1
 4.398391373339194e-15    3    2    2    1
 -8.962448838634174e-15    3    2    2    2
 1.556260269589902e-05    3    2    3    1
 0.03150674608247873    3    2    3    2
 0.2546105887756764    3    3    1    1
 1.556162556532437e-05    3    3    2    1
 0.2210228396738866    3    3    2    2
 -1.178397657231045e-14    3    3    3    1
 2.671474153004283e-15    3    3    3    2
 0.2550619626742898    3    3    3    3
 0.03876667437782634    4    1    1    1
 4.897181599439524e-06    4    1    2    1
 -0.01518958929808875    4    1    2    2
 -1.498801083243961e-15    4    1    3    1
 2.785098540680764e-14    4    1    3    2
 0.03177072373935356    4    1    3    3
 0.05342776608563822    4    1    4    1
 4.995183704812798e-06    4    2    1    1
 -0.0603436219448691    4    2    2    1
 -2.290564611621396e-05    4    2    2    2
 4.072783776898348e-14    4    2    3    1
 2.602085213965211e-15    4    2    3    2
 -2.850496454479359e-05    4    2    3    3
 -2.920488636439494e-05    4    2    4    1
 0.06954906352146611    4    2    4    2
 -4.191091917959966e-15    4    3    1    1
 5.428730381895619e-14    4    3    2    1
 1.141448047192739e-15    4    3    2    2
 0.01158030647282533    4    3    3    1
 -1.397902596662747e-05    4    3    3    2
 -7.429820647608665e-15    4    3    3    3
 -7.354360176403674e-15    4    3    4    1
 -4.778924651838157e-14    4    3    4    2
 0.01816916690305478    4    3    4    3
 0.2535201106283188    4    4    1    1
 -5.052439320918297e-05    4    4    2    1
 0.2354594584189532    4    4    2    2
 -3.389649672058681e-15    4    4    3    1
 -2.965683254529949e-14    4    4    3    2
 0.2343431019108992    4    4    3    3
 0.02066740312389784    4    4    4    1
 5.222728980931621e-05    4    4    4    2
 -5.689893001203927e-15    4    4    4    3
 0.2620898658386869    4    4    4    4
 -3.227626499402447e-14    5    1    1    1
 1.115904244008981e-14    5    1    2    1
 5.621371423902843e-15    5    1    2    2
 -2.267930732411142e-05    5    1    3    1
 0.03312813558508429    5    1    3    2
 -2.006901589357568e-14    5    1    3    3
 -1.503961885584992e-14    5    1    4    1
 -3.215309962723012e-15    5    1    4    2
 -2.133859239796896e-05    5    1    4    3
 -4.444383229496029e-14    5    1    4    4
 0.03519074892065734    5    1    5    1
 1.678279910877212e-14    5    2    1    1
 3.973210649377279e-14    5    2    2    1
 1.148039996401451e-14    5    2    2    2
 0.05079251296869168    5    2    3    1
 3.260822964507337e-05    5    2    3    2
 -7.892558134825478e-15    5    2    3    3
 -2.146286620652305e-15    5    2    4    2
 -0.005529644559098858    5    2    4    3
 2.282419380104343e-06    5    2    5    1
 0.05379293138092318    5    2    5    2
 -3.568061270798492e-05    5    3    1    1
 0.06454279150617154    5    3    2    1
 3.805528402477402e-05    5    3    2    2
 2.206568261442499e-15    5    3    3    1
 -8.834946663149879e-15    5    3    3    2
 2.128537714873974e-06    5    3    3    3
 -2.090577778666373e-05    5    3    4    1
 -0.04972965835760967    5    3    4    2
 4.799763017593328e-14    5    3    4    3
 -4.630950215144295e-05    5    3    4    4
 -2.655861641720492e-15    5    3    5    1
 4.363176486776865e-14    5    3    5    2
 0.07501373252295873    5    3    5    3
 -1.058615001214847e-14    5    4    1    1
 1.345278055620014e-15    5    4    2    1
 5.391954244204911e-15    5    4    2    2
 -3.024137678765327e-05    5    4    3    1
 -0.01465912411593494    5    4    3    2
 7.6440589968918e-15    5    4    3    3
 -2.779710055883511e-14    5    4    4    1
 -4.016752208624297e-15    5    4    4    2
 -6.883179172784745e-06    5    4    4    3
 -2.973072092335438e-15    5    4    4    4
 -0.01384846757929822    5    4    5    1
 -2.781903277354147e-05    5    4    5    2
 7.551684971796035e-15    5    4    5    3
 0.01377363071340213    5    4    5    4
 0.2352739144658137    5    5    1    1
 1.351425419467287e-05    5    5    2    1
 0.2282520464770685    5    5    2    2
 -5.854691731421724e-15    5    5    3    1
 2.182282132778823e-14    5    5    3    2
 0.2394546038999592    5    5    3    3
 0.005445860297919262    5    5    4    1
 -2.506343936525509e-05    5    5    4    2
 0.2225384089580506    5    5    4    4
 1.933175841628554e-14    5    5    5    1
 -6.522560269672795e-15    5    5    5    2
 5.866376571828015e-06    5    5    5    3
 -2.529443668408682e-15    5    5    5    4
 0.2389693973035463    5    5    5    5
 -6.861305851989698e-06    6    1    1    1
 -0.007243423317817918    6    1    2    1
 -1.188217551508712e-06    6    1    2    2
 -3.475518484119533e-15    6    1    3    1
 -5.425130830682967e-15    6    1    3    2
 -6.293792904687955e-06    6    1    3    3
 -5.764895315464622e-06    6    1    4    1
 -0.01071242258798915    6    1    4    2
 -2.21840774916604e-14    6    1    4    3
 -1.813652257673424e-05    6    1    4    4
 -6.987899842103573e-15    6    1    5    1
 1.11369247157711e-14    6    1    5    2
 -0.02257531174976823    6    1    5    3
 1.02120067520659e-05    6    1    5    5
 0.02529449468786669    6    1    6    1
 -0.01617781505450545    6    2    1    1
 1.333862150283802e-05    6    2    2    1
 0.01436657260967072    6    2    2    2
 -6.889454284841889e-15    6    2    3    1
 5.741067343745243e-15    6    2    3    2
 -0.02635478033485017    6    2    3    3
 -0.02740328986654489    6    2    4    1
 -6.051896840183972e-06    6    2    4    2
 1.435700516805305e-15    6    2    4    3
 0.01076037499128494    6    2    4    4
 2.730714959708891e-14    6    2    5    1
 -4.655130447783762e-15    6    2    5    2
 2.055772134814981e-05    6    2    5    3
 -2.377315195829094e-14    6    2    5    4
 -0.01540122161740113    6    2    5    5
 9.262928053327381e-06    6    2    6    1
 0.03705337663110098    6    2    6    2
 -5.064525188114288e-15    6    3    1    1
 -6.66350655209591e-15    6    3    2    1
 6.031633525971358e-15    6    3    2    2
 7.354180786823362e-07    6    3    3    1
 -0.0238501410584322    6    3    3    2
 -1.026435880735477e-14    6    3    3    3
 -2.905615743668821e-14    6    3    4    1
 2.844042082759099e-06    6    3    4    3
 1.26407131290085e-15    6    3    4    4
 -0.02741697784502006    6    3    5    1
 -1.370064545120654e-06    6    3    5    2
 3.948284841431837e-15    6    3    5    3
 0.0004441746594087585    6    3    5    4
 -2.706168622523819e-15    6    3    5    5
 7.577055302632196e-15    6    3    6    1
 1.97238059218563e-15    6    3    6    2
 0.0363003889940568    6    3    6    3
 -2.076354262461805e-06    6    4    1    1
 -0.04230826205040637    6    4    2    1
 -1.638095620464372e-05    6    4    2    2
 -4.626334038082547e-14    6    4    3    1
 -1.659945667774374e-05    6    4    3    3
 -2.640720395021959e-05    6    4    4    1
 0.0475529024508721    6    4    4    2
 -3.736464262993344e-14    6    4    4    3
 2.451573606210792e-05    6    4    4    4
 -3.323730179971562e-15    6    4    5    1
 -6.878698999290833e-14    6    4    5    2
 -0.03466844417074288    6    4    5    3
 -9.222417845761945e-06    6    4    5    5
 -0.006651103488308422    6    4    6    1
 -1.257606820558201e-05    6    4    6    2
 -1.280225925270884e-15    6    4    6    3
 0.03503348361062073    6    4    6    4
 -1.349007711093364e-14    6    5    1    1
 4.380176776841438e-14    6    5    2    1
 -7.179803626633507e-15    6    5    2    2
 -0.04441444479862469    6    5    3    1
 1.79428675560646e-06    6    5    3    2
 6.584142953069971e-15    6    5    3    3
 -7.514757045801179e-14    6    5    4    2
 -0.01059368262548619    6    5    4    3
 1.736458199452784e-15    6    5    4    4
 2.826011525319362e-05    6    5    5    1
 -0.03302753132431116    6    5    5    2
 3.96488397669259e-14    6    5    5    3
 1.328298133474223e-05    6    5    5    4
 2.344478777782655e-15    6    5    5    5
 8.408204688059584e-15    6    5    6    1
 1.085676687440085e-14    6    5    6    2
 -2.524648456127314e-06    6    5    6    3
 1.059170654828245e-14    6    5    6    4
 0.04987521863568534    6    5    6    5
 0.239775617811799    6    6    1    1
 1.782386632625908e-05    6    6    2    1
 0.2329044805419058    6    6    2    2
 1.698814700024087e-14    6    6    3    1
 0.2439720713752991    6    6    3    3
 0.005435181641816371    6    6    4    1
 -2.694168893443072e-05    6    6    4    2
 -4.510281037539698e-15    6    6    4    3
 0.2285699844471781    6    6    4    4
 1.973421426271216e-14    6    6    5    2
 8.467447711481128e-06    6    6    5    3
 1.473994537537493e-14    6    6    5    4
 0.24190838798007    6    6    5    5
 9.054922798080989e-06    6    6    6    1
 -0.01414985041328582    6    6    6    2
 -1.804112415015879e-15    6    6    6    3
 -1.236693500040374e-05    6    6    6    4
 -9.318934512947408e-15    6    6    6    5
 0.2518447103201855    6    6    6    6
 5.509481759702339e-15    7    1    1    1
 -2.743898858126315e-15    7    1    2    1
 -3.198830089701232e-15    7    1    2    2
 0.0150988766095682    7    1    3    1
 5.546501636866124e-06    7    1    3    2
 1.911665270526441e-15    7    1    3    3
 5.32169794342785e-15    7    1    4    1
 -8.547416247006723e-15    7    1    4    2
 0.02381604514058363    7    1    4    3
 -4.81385764583564e-15    7    1    4    4
 -2.700495308261502e-06    7    1    5    1
 -0.007220680805697348    7    1    5    2
 -2.539418328395548e-14    7    1    5    3
 -1.956105374825475e-05    7    1    5    4
 4.989064716909297e-15    7    1    5    5
 -1.009522326844703e-14    7    1    6    2
 -1.595158665194782e-05    7    1    6    3
 -1.121325254871408e-14    7    1    6    4
 -0.01409534789469572    7    1    6    5
 -1.71130470905112e-15    7    1    6    6
 0.0318499471377453    7    1    7    1
 -4.354155924701786e-15    7    2    1    1
 -9.07867531152462e-15    7    2    2    1
 8.694434061595757e-15    7    2    2    2
 7.297505352618954e-06    7    2    3    1
 -0.02176280174950097    7    2    3    2
 -8.512288096618192e-15    7    2    3    3
 -2.492667530717974e-14    7    2    4    1
 1.007700867194927e-14    7    2    4    2
 5.861288356959882e-07    7    2    4    3
 3.730175890392928e-14    7    2    4    4
 -0.02067060789793357    7    2    5    1
 -9.343793282339864e-07    7    2    5    2
 4.929216756988097e-15    7    2    5    3
 0.02019816380151382    7    2    5    4
 -3.633898737476216e-14    7    2    5    5
 -6.689961085104557e-15    7    2    6    1
 2.692724515584999e-15    7    2    6    2
 0.00023024660382785    7    2    6    3
 1.094697249515164e-14    7    2    6    4
 -1.752754344348879e-05    7    2    6    5
 -7.794979939301783e-15    7    2    6    6
 -1.51707496648508e-05    7    2    7    1
 0.03072997780063206    7    2    7    2
 0.02968017243441319    7    3    1    1
 5.354367380447437e-06    7    3    2    1
 -0.01237151213183078    7    3    2    2
 4.926614671774132e-15    7    3    3    1
 -6.363833071620917e-15    7    3    3    2
 0.02547087643664104    7    3    3    3
 0.04140536619948284    7    3    4    1
 -1.42502031237935e-05    7    3    4    2
 -1.068242716506518e-14    7    3    4    3
 0.01523551371598267    7    3    4    4
 -4.131634270820861e-14    7    3    5    1
 1.006399824587945e-14    7    3    5    2
 -7.448104492982789e-06    7    3    5    3
 -1.027953763776956e-14    7    3    5    4
 0.00322814904141763    7    3    5    5
 -1.796851889294115e-05    7    3    6    1
 -0.02149692941879884    7    3    6    2
 -1.439510146012465e-05    7    3    6    4
 -4.917941054394248e-15    7    3    6    5
 0.004867851724122229    7    3    6    6
 -2.241262730962035e-15    7    3    7    1
 -2.437286483747414e-15    7    3    7    2
 0.03446434239554105    7    3    7    3
 7.031701609871988e-15    7    4    1    1
 -4.34860480957866e-14    7    4    2    1
 1.168683205765575e-14    7    4    2    2
 0.04844248870748927    7    4    3    1
 -1.290262691659688e-06    7    4    3    2
 -1.660867623987095e-14    7    4    3    3
 -1.01047642475649e-14    7    4    4    1
 8.433970752688702e-14    7    4    4    2
 0.005419853543733576    7    4    4    3
 -2.741730453781344e-15    7    4    4    4
 -2.949107547332372e-05    7    4    5    1
 0.04154578606735827    7    4    5    2
 -3.55947910035681e-14    7    4    5    3
 -8.119673230778398e-06    7    4    5    4
 -9.305056725139593e-15    7    4    5    5
 -6.34561847512316e-15    7    4    6    1
 7.700437509861047e-15    7    4    6    2
 1.270092841534678e-06    7    4    6    3
 1.266559556886704e-14    7    4    6    4
 -0.01504635984391401    7    4    6    5
 1.409462824231156e-14    7    4    6    6
 0.007218917219372162    7    4    7    1
 2.827176975616017e-05    7    4    7    2
 -2.980254931728155e-15    7    4    7    3
 0.05708440672666144    7    4    7    4
 -5.579196041323175e-06    7    5    1    1
 -0.04044591658022582    7    5    2    1
 -1.807467043369581e-05    7    5    2    2
 -5.243461914661296e-14    7    5    3    1
 1.046558673056808e-14    7    5    3    2
 -2.066921721748232e-05    7    5    3    3
 -2.740097581820689e-05    7    5    4    1
 0.04669371784549332    7    5    4    2
 -3.492909086966201e-14    7    5    4    3
 1.840906041076032e-05    7    5    4    4
 6.77496253542742e-15    7    5    5    1
 -7.615349323364384e-14    7    5    5    2
 -0.03451757030300406    7    5    5    3
 -7.90513488002631e-15    7    5    5    4
 -1.27286820555786e-05    7    5    5    5
 -0.007093145766212592    7    5    6    1
 -1.260628754074861e-05    7    5    6    2
 -4.727121472036799e-15    7    5    6    3
 0.03089687183805312    7    5    6    4
 -1.05158937113714e-14    7    5    6    5
 -1.353387367116113e-05    7    5    6    6
 -8.313228577749854e-15    7    5    7    1
 -1.099814683769296e-15    7    5    7    2
 -1.683870108419635e-05    7    5    7    3
 -2.038132032936013e-14    7    5    7    4
 0.03338042930482077    7    5    7    5
 3.240680293559173e-15    7    6    1    1
 -2.408056393177205e-14    7    6    2    1
 4.30298158216047e-15    7    6    2    2
 -2.951761297809357e-05    7    6    3    1
 -0.01492687569616015    7    6    3    2
 3.161099854098737e-15    7    6    3    3
 -1.049621544194079e-14    7    6    4    1
 2.313340491388871e-14    7    6    4    2
 -5.581696651439796e-06    7    6    4    3
 2.222663242693046e-14    7    6    4    4
 -0.0145903493138432    7    6    5    1
 -2.768836472263565e-05    7    6    5    2
 -1.526903603554786e-14    7    6    5    3
 0.01241005236711345    7    6    5    4
 -1.635237084629537e-14    7    6    5    5
 -1.659263004771816e-15    7    6    6    1
 -7.997725745556572e-15    7    6    6    2
 0.001275709401803324    7    6    6    3
 1.935777926842519e-14    7    6    6    4
 1.269969571319524e-05    7    6    6    5
 -1.899406759413938e-05    7    6    7    1
 0.0203707072051282    7    6    7    2
 4.211258078368196e-15    7    6    7    3
 -6.95216004114811e-06    7    6    7    4
 1.07179889963227e-14    7    6    7    5
 0.01568502206128939    7    6    7    6
 0.2574110579583189    7    7    1    1
 -4.933905358165341e-05    7    7    2    1
 0.239348028079327    7    7    2    2
 -5.917141776556889e-15    7    7    3    1
 -4.808653475407709e-15    7    7    3    2
 0.2405317565132002    7    7    3    3
 0.02063390934943216    7    7    4    1
 5.133450111079586e-05    7    7    4    2
 -6.536438057480609e-15    7    7    4    3
 0.2659471558913946    7    7    4    4
 -2.079586503000996e-14    7    7    5    1
 -1.346145417358002e-15    7    7    5    2
 -4.688613369548841e-05    7    7    5    3
 -2.512334958126861e-14    7    7    5    4
 0.2281861121168428    7    7    5    5
 -1.832007680700504e-05    7    7    6    1
 0.01101911181912074    7    7    6    2
 2.230819344408732e-05    7    7    6    4
 3.365363543395006e-15    7    7    6    5
 0.233592861058534    7    7    6    6
 -6.120104423246175e-15    7    7    7    1
 2.772738635914429e-15    7    7    7    2
 0.01555287070900828    7    7    7    3
 -6.111430805866291e-15    7    7    7    4
 1.953767106766544e-05    7    7    7    5
 0.2771565200054345    7    7    7    7
 0.0147440584780538    8    1    1    1
 3.286112551156595e-06    8    1    2    1
 0.005228651765114025    8    1    2    2
 -3.546208465765588e-15    8    1    3    1
 -0.002587179016133759    8    1    3    3
 0.01259604667270633    8    1    4    1
 -2.238169650554673e-06    8    1    4    2
 3.583938701368083e-15    8    1    4    3
 0.02935562380284956    8    1    4    4
 -1.37251321419285e-14    8    1    5    1
 -7.27087660912229e-15    8    1    5    2
 3.250638986504704e-06    8    1    5    3
 -3.641444784596715e-14    8    1    5    4
 -0.01048175591214861    8    1    5    5
 -1.209931589454923e-05    8    1    6    1
 0.01783161819320648    8    1    6    2
 5.870304242705515e-15    8    1    6    3
 -1.647532096617503e-05    8    1    6    4
 6.555953696585348e-15    8    1    6    5
 -0.01086459098386269    8    1    6    6
 3.8519534784065e-15    8    1    7    1
 0.008858119884727443    8    1    7    3
 2.976785484776201e-15    8    1    7    4
 -1.650852570792432e-05    8    1    7    5
 -5.482593545824699e-15    8    1    7    6
 0.0294693202840729    8    1    7    7
 0.02986824300017235    8    1    8    1
 -4.413762787929026e-06    8    2    1    1
 0.002109822996984865    8    2    2    1
 4.228106804507913e-06    8    2    2    2
 1.597680321374639e-15    8    2    3    1
 -8.350741972917852e-15    8    2    3    2
 -7.499878004273998e-06    8    2    3    3
 -2.563374382678107e-07    8    2    4    1
 -0.01703113953076967    8    2    4    2
 -1.418830331001431e-14    8    2    4    3
 -1.123830904646107e-05    8    2    4    4
 -8.762955638896841e-15    8    2    5    1
 1.97905927756814e-14    8    2    5    2
 -0.01255858489409648    8    2    5    3
 3.555315764014466e-15    8    2    5    4
 3.160680504668366e-06    8    2    5    5
 0.02192781935700202    8    2    6    1
 2.006372981095278e-05    8    2    6    2
 6.740268065907884e-15    8    2    6    3
 -0.01283329909173909    8    2    6    4
 1.232000612638728e-14    8    2    6    5
 4.605531072354696e-06    8    2    6    6
 -2.415602440297704e-15    8    2    7    2
 -1.251398747886503e-05    8    2    7    3
 -6.04217739209878e-15    8    2    7    4
 -0.01055219513177039    8    2    7    5
 -1.772020030710308e-15    8    2    7    6
 -1.001444964618079e-05    8    2    7    7
 3.672532372177312e-06    8    2    8    1
 0.02137667230302855    8    2    8    2
 -4.253433542877882e-15    8    3    1    1
 -9.843688364430392e-15    8    3    2    2
 -0.03118739716787346    8    3    3    1
 -1.076302848114171e-05    8    3    3    2
 9.980812834195496e-15    8    3    3    3
 8.674484741622024e-15    8    3    4    1
 -3.122632361018951e-14    8    3    4    2
 0.001155383111419745    8    3    4    3
 2.407362503786814e-15    8    3    4    4
 7.376301423047551e-06    8    3    5    1
 -0.0309775478940237    8    3    5    2
 -9.26342336171615e-15    8    3    5    3
 9.646730706797175e-06    8    3    5    4
 3.499804612783208e-15    8    3    5    5
 7.075937058509396e-15    8    3    6    1
 2.825105600845479e-15    8    3    6    2
 2.383694041413026e-06    8    3    6    3
 3.32011843148447e-14    8    3    6    4
 0.03953399091918498    8    3    6    5
 -8.399097389810706e-15    8    3    6    6
 0.001917377671821001    8    3    7    1
 -1.125353254827316e-05    8    3    7    2
 -0.006129039286134451    8    3    7    4
 8.168907716064877e-15    8    3    7    5
 9.582288445219963e-06    8    3    7    6
 3.079567850727827e-15    8    3    7    7
 1.069435338896252e-14    8    3    8    1
 4.487729632352e-15    8    3    8    2
 0.03813631848462735    8    3    8    3
 0.03123986139516698    8    4    1    1
 6.673064779882903e-06    8    4    2    1
 -0.009854122196614799    8    4    2    2
 9.756084828893563e-15    8    4    3    1
 -2.650917679813958e-14    8    4    3    2
 0.02485222401895521    8    4    3    3
 0.04096122479544321    8    4    4    1
 -1.684936519261593e-05    8    4    4    2
 -2.072994553792284e-15    8    4    4    3
 0.0176744531454862    8    4    4    4
 -6.35390177972095e-14    8    4    5    1
 7.327471962526033e-15    8    4    5    2
 -3.99674746914043e-06    8    4    5    3
 -6.214728167849848e-15    8    4    5    4
 0.006274468178853614    8    4    5    5
 -1.77502629754489e-05    8    4    6    1
 -0.02145704793095213    8    4    6    2
 2.782669927814396e-14    8    4    6    3
 -1.792867150681042e-05    8    4    6    4
 -6.939761265645217e-15    8    4    6    5
 0.003738730911483428    8    4    6    6
 8.809793172748215e-15    8    4    7    1
 2.292870754372345e-15    8    4    7    2
 0.03069196846830127    8    4    7    3
 1.876970801006905e-15    8    4    7    4
 -1.673603708775639e-05    8    4    7    5
 6.657868700798986e-15    8    4    7    6
 0.01779198652839065    8    4    7    7
 0.01092419199215768    8    4    8    1
 -1.179003662251387e-05    8    4    8    2
 3.566591466608315e-15    8    4    8    3
 0.03408863199236641    8    4    8    4
 -3.275938548208401e-14    8    5    1    1
 -1.400176632623817e-14    8    5    2    1
 1.470351618237942e-14    8    5    2    2
 2.266947090471493e-06    8    5    3    1
 -0.024295274822093    8    5    3    2
 -3.274117088558626e-14    8    5    3    3
 -6.512666924848864e-14    8    5    4    1
 8.020277150744271e-15    8    5    4    2
 3.455762321237998e-06    8    5    4    3
 -1.093076367267298e-14    8    5    4    4
 -0.02747894384421881    8    5    5    1
 -1.271468149221309e-06    8    5    5    2
 -3.389839407438866e-15    8    5    5    3
 0.002195989920631773    8    5    5    4
 -1.194877530252825e-14    8    5    5    5
 8.124143718868382e-15    8    5    6    1
 2.14290390987415e-14    8    5    6    2
 0.03545160986070883    8    5    6    3
 3.391384395534658e-15    8    5    6    4
 -5.372782236187e-06    8    5    6    5
 -6.061123825062964e-15    8    5    6    6
 -1.570166079493284e-05    8    5    7    1
 0.001999446664019025    8    5    7    2
 -2.625894293672992e-14    8    5    7    3
 1.699623689422016e-06    8    5    7    4
 0.001059363196048292    8    5    7    6
 -1.451474387865548e-14    8    5    7    7
 -3.20576898360514e-15    8    5    8    1
 7.131881890609648e-15    8    5    8    2
 -1.005036727816665e-07    8    5    8    3
 -1.722146730775975e-15    8    5    8    4
 0.03586053914828916    8    5    8    5
 -3.626250422619321e-05    8    6    1    1
 0.06420003678923666    8    6    2    1
 3.634290822168943e-05    8    6    2    2
 1.6753959330984e-14    8    6    3    1
 6.033368249447335e-15    8    6    3    2
 2.155503534988156e-06    8    6    3    3
 -1.982247181817244e-05    8    6    4    1
 -0.05101117408806855    8    6    4    2
 6.174054323349054e-14    8    6    4    3
 -4.895035210904015e-05    8    6    4    4
 1.275715644233344e-14    8    6    5    1
 4.593547764386585e-14    8    6    5    2
 0.07479920288960293    8    6    5    3
 3.732770954474547e-06    8    6    5    5
 -0.02259105747880006    8    6    6    1
 2.084250957432298e-05    8    6    6    2
 -6.657868700798986e-15    8    6    6    3
 -0.03610940376350516    8    6    6    4
 3.055194985890353e-14    8    6    6    5
 8.878797046450178e-06    8    6    6    6
 -7.29104276953052e-15    8    6    7    1
 -6.824402154492759e-15    8    6    7    2
 -5.100345471574649e-06    8    6    7    3
 -2.484091491533613e-14    8    6    7    4
 -0.03438263138671749    8    6    7    5
 -2.407102295265418e-14    8    6    7    6
 -4.834511215003885e-05    8    6    7    7
 2.610979538008489e-06    8    6    8    1
 -0.01294272369813753    8    6    8    2
 -1.047426034794796e-14    8    6    8    3
 -4.717588273858529e-06    8    6    8    4
 -1.463152515812638e-14    8    6    8    5
 0.08014135793285759    8    6    8    6
 1.249347847398496e-14    8    7    1    1
 -5.367993376192981e-15    8    7    2    1
 0.01059562888136263    8    7    3    1
 -1.3756167655306e-05    8    7    3    2
 5.619636700426867e-15    8    7    3    3
 1.070541225112187e-14    8    7    4    1
 2.604687299179176e-15    8    7    4    2
 0.01670624873277115    8    7    4    3
 7.093284293269164e-15    8    7    4    4
 -2.060829956192557e-05    8    7    5    1
 -0.004869938621594412    8    7    5    2
 -1.656075450384709e-14    8    7    5    3
 -6.255982724515337e-06    8    7    5    4
 3.754375282882805e-15    8    7    5    5
 -6.824618994927256e-15    8    7    6    1
 -5.258814217423691e-15    8    7    6    2
 3.133151391298798e-06    8    7    6    3
 -1.683962485513751e-15    8    7    6    4
 -0.009720651351401922    8    7    6    5
 -2.183149494516812e-15    8    7    6    6
 0.02356561579503246    8    7    7    1
 2.491248843996733e-07    8    7    7    2
 3.627306788267504e-15    8    7    7    3
 0.005994066918894809    8    7    7    4
 -6.776161510969308e-06    8    7    7    6
 6.328271240363392e-15    8    7    7    7
 1.122279352783195e-14    8    7    8    1
 -8.032745475727854e-15    8    7    8    2
 0.002790655968497275    8    7    8    3
 1.273417135627675e-14    8    7    8    4
 3.159227761186763e-06    8    7    8    5
 -4.124521904569356e-15    8    7    8    6
 0.01994166515749045    8    7    8    7
 0.2626206631379684    8    8    1    1
 1.08386649456799e-05    8    8    2    1
 0.2263211101816377    8    8    2    2
 2.522808351113071e-14    8    8    3    1
 6.675215935558754e-15    8    8    3    2
 0.2606698083541099    8    8    3    3
 0.03521872022065345    8    8    4    1
 -2.560336807668211e-05    8    8    4    2
 1.484923295436147e-15    8    8    4    3
 0.2439573135000145    8    8    4    4
 -1.903338597841753e-14    8    8    5    1
 1.951910855169103e-14    8    8    5    2
 -3.441213198959216e-06    8    8    5    3
 1.343543332144037e-15    8    8    5    4
 0.245040513365517    8    8    5    5
 -6.650816626261919e-06    8    8    6    1
 -0.02728101648946207    8    8    6    2
 -1.268429805634241e-14    8    8    6    3
 -1.641871135487738e-05    8    8    6    4
 -1.811398253614982e-14    8    8    6    5
 0.2537135566513462    8    8    6    6
 1.492556078730445e-14    8    8    7    1
 -1.31938730774106e-14    8    8    7    2
 0.02719104389156099    8    8    7    3
 1.399314691896691e-14    8    8    7    4
 -1.841733684348237e-05    8    8    7    5
 0.2493132453749229    8    8    7    7
 -4.973083735483282e-05    8    8    8    1
 -7.463020453034211e-06    8    8    8    2
 -4.3680337125096e-15    8    8    8    3
 0.02902092398680443    8    8    8    4
 -3.931577285953836e-14    8    8    8    5
 -4.000675263206631e-06    8    8    8    6
 1.66117120059539e-14    8    8    8    7
 0.2750789400473782    8    8    8    8
 -3.303347179128835e-15    9    1    1    1
 -1.593560353119194e-15    9    1    2    2
 -6.59273762228793e-07    9    1    3    1
 -0.001680568866993381    9    1    3    2
 -1.145784855882681e-15    9    1    3    3
 -5.641971265180068e-15    9    1    4    1
 -1.682681771697503e-15    9    1    4    2
 2.448502064818797e-06    9    1    4    3
 -2.234533901229047e-14    9    1    4    4
 -0.004045938634234575    9    1    5    1
 1.003276728435662e-06    9    1    5    2
 -0.009616209610505841    9    1    5    4
 1.795438797635995e-14    9    1    5    5
 4.386681989876351e-15    9    1    6    1
 -2.636779683484747e-15    9    1    6    2
 0.01872189472726455    9    1    6    3
 -4.248337792667201e-15    9    1    6    4
 4.838202641258256e-06    9    1    6    5
 4.711508960753008e-15    9    1    6    6
 8.76942617492846e-07    9    1    7    1
 -0.01497953495812367    9    1    7    2
 -1.209068824376356e-05    9    1    7    4
 -0.009496517867263399    9    1    7    6
 -5.798902753383767e-15    9    1    7    7
 -1.476249678056263e-15    9    1    8    1
 2.091209150290041e-15    9    1    8    2
 5.329812043514797e-06    9    1    8    3
 1.096901568057099e-14    9    1    8    4
 0.01751705651663593    9    1    8    5
 2.771277941476664e-06    9    1    8    7
 0.01709903164644569    9    1    9    1
 -2.14964764738701e-15    9    2    2    1
 1.660130366509804e-15    9    2    2    2
 -0.001627101387799761    9    2    3    1
 5.293650204139138e-06    9    2    3    2
 1.885969679038535e-14    9    2    4    2
 -0.01498888041848828    9    2    4    3
 1.875236077530928e-15    9    2    4    4
 4.914433742611734e-06    9    2    5    1
 0.01203353607689671    9    2    5    2
 1.587965869909169e-14    9    2    5    3
 5.083262580737554e-07    9    2    5    4
 -4.025425826004181e-15    9    2    5    5
 -3.560953615311391e-15    9    2    6    1
 7.032568971609976e-15    9    2    6    2
 1.598742149796471e-05    9    2    6    3
 2.06887763485545e-14    9    2    6    4
 0.02229064998096768    9    2    6    5
 7.464515117128201e-15    9    2    6    6
 -0.02029874216095996    9    2    7    1
 -2.320080290694657e-06    9    2    7    2
 4.119968255444917e-15    9    2    7    3
 0.02094987590076819    9    2    7    4
 -1.176576197581269e-14    9    2    7    5
 2.698423749329273e-08    9    2    7    6
 1.60288449180257e-15    9    2    7    7
 -1.480152805877211e-15    9    2    8    2
 0.01342206981862867    9    2    8    3
 1.41221457108869e-05    9    2    8    5
 7.604160356944334e-15    9    2    8    6
 -0.01485668038888148    9    2    8    7
 -1.963273293936751e-15    9    2    8    8
 8.03677974285297e-06    9    2    9    1
 0.03340925709439546    9    2    9    2
 -2.574533099557397e-06    9    3    1    1
 0.001768072469587258    9    3    2    1
 6.545813097236268e-06    9    3    2    2
 3.518886571018953e-15    9    3    3    1
 -5.637707194370115e-06    9    3    3    3
 -1.89125928691331e-07    9    3    4    1
 -0.01764897029082437    9    3    4    2
 -1.274392917582912e-14    9    3    4    3
 -7.941501846209483e-06    9    3    4    4
 2.102658325231488e-14    9    3    5    2
 -0.01222226178999404    9    3    5    3
 5.266837313500083e-15    9    3    5    4
 6.639206370179289e-06    9    3    5    5
 0.02281003428483498    9    3    6    1
 2.105073032682647e-05    9    3    6    2
 -7.716917382882826e-15    9    3    6    3
 -0.01123201704411039    9    3    6    4
 6.092348847630547e-15    9    3    6    5
 5.061450269410469e-06    9    3    6    6
 -1.330853249352512e-05    9    3    7    3
 -1.034523012502682e-14    9    3    7    4
 -0.01298960821720556    9    3    7    5
 -8.867185275604102e-06    9    3    7    7
 4.420986560699886e-06    9    3    8    1
 0.02075412642250182    9    3    8    2
 -1.194458546517518e-05    9    3    8    4
 -7.661406231651569e-15    9    3    8    5
 -0.01390696845055182    9    3    8    6
 -7.24095262916169e-15    9    3    8    7
 -6.257330000067987e-06    9    3    8    8
 -7.108896804552955e-15    9    3    9    1
 -6.128344359757065e-15    9    3    9    2
 0.02269518732403582    9    3    9    3
 -1.949308769955138e-14    9    4    1    1
 2.029843307327361e-14    9    4    2    2
 9.093292498341631e-06    9    4    3    1
 -0.02137414989635673    9    4    3    2
 -2.984765212765694e-14    9    4    3    3
 -4.96115735298952e-14    9    4    4    1
 -1.668803983889688e-15    9    4    4    2
 1.193577165892187e-06    9    4    4    3
 3.954426846738968e-14    9    4    4    4
 -0.02068624624983469    9    4    5    1
 1.014325597395211e-06    9    4    5    2
 1.129478455208499e-14    9    4    5    3
 0.01848653691115651    9    4    5    4
 -4.381998236491214e-14    9    4    5    5
 -3.289035710452026e-15    9    4    6    1
 3.162140688184323e-14    9    4    6    2
 0.001289695670573749    9    4    6    3
 2.539635168830046e-15    9    4    6    4
 -1.800555127955547e-05    9    4    6    5
 -1.969258089928871e-14    9    4    6    6
 -1.452722030936255e-05    9    4    7    1
 0.02941762999203092    9    4    7    2
 -2.272335965225469e-14    9    4    7    3
 3.009199570752691e-05    9    4    7    4
 -8.514022820094169e-15    9    4    7    5
 0.02142784182304698    9    4    7    6
 1.036095105652786e-14    9    4    7    7
 1.103457603068847e-14    9    4    8    1
 1.610690747444465e-15    9    4    8    2
 -1.139153995751727e-05    9    4    8    3
 -1.666464817702551e-14    9    4    8    4
 0.001717133842927591    9    4    8    5
 9.499354495981308e-08    9    4    8    7
 -3.733558601171083e-14    9    4    8    8
 -0.01391259255198566    9    4    9    1
 -1.295902246464722e-06    9    4    9    2
 4.329869796038111e-15    9    4    9    3
 0.029883814869711    9    4    9    4
 -0.01598203804153959    9    5    1    1
 1.425450689586491e-05    9    5    2    1
 0.01390338527668584    9    5    2    2
 2.210037708394452e-15    9    5    3    1
 2.435811968792834e-14    9    5    3    2
 -0.02545265558758393    9    5    3    3
 -0.02689275281498228    9    5    4    1
 -6.304155349752769e-06    9    5    4    2
 9.284673724296866e-15    9    5    4    3
 0.00943629585492221    9    5    4    4
 4.544281617668844e-14    9    5    5    1
 -3.044439700339296e-15    9    5    5    2
 2.302460499654222e-05    9    5    5    3
 -3.508754701717076e-14    9    5    5    4
 -0.01354926950968394    9    5    5    5
 7.709881915722491e-06    9    5    6    1
 0.03544181301973177    9    5    6    2
 -2.820660371938288e-15    9    5    6    3
 -1.332668492176069e-05    9    5    6    4
 -7.075937058509396e-15    9    5    6    5
 -0.01556204380919249    9    5    6    6
 -1.967545050496344e-14    9    5    7    2
 -0.02259107775018503    9    5    7    3
 1.89605275924265e-15    9    5    7    4
 -1.197430059131841e-05    9    5    7    5
 -2.45550108024517e-14    9    5    7    6
 0.01178603947287557    9    5    7    7
 0.01721741374771267    9    5    8    1
 1.869143147902681e-05    9    5    8    2
 -9.952975943416931e-15    9    5    8    3
 -0.01990203612993104    9    5    8    4
 1.511117619923397e-14    9    5    8    5
 2.167925970064798e-05    9    5    8    6
 2.694025558191981e-15    9    5    8    7
 -0.02792099258469277    9    5    8    8
 6.019056780770526e-15    9    5    9    1
 -1.033743403378029e-14    9    5    9    2
 2.011615970209533e-05    9    5    9    3
 9.385287685903521e-15    9    5    9    4
 0.03629384332519573    9    5    9    5
 1.216604941789434e-14    9    6    1    1
 -6.413272690686256e-15    9    6    2    1
 1.682681771697503e-14    9    6    2    2
 0.05449083442561879    9    6    3    1
 3.339985184417369e-05    9    6    3    2
 -1.7646989555406e-14    9    6    3    3
 -9.499345754448996e-15    9    6    4    1
 5.0402553224832e-14    9    6    4    2
 -0.004169587983935694    9    6    4    3
 3.992466079960622e-15    9    6    4    4
 1.101668075078245e-06    9    6    5    1
 0.05608115376448261    9    6    5    2
 2.470246229790973e-15    9    6    5    3
 -2.901046610434067e-05    9    6    5    4
 -1.187591691653722e-14    9    6    5    5
 6.74807432154978e-15    9    6    6    1
 7.928553646951997e-15    9    6    6    2
 -1.954446447163718e-06    9    6    6    3
 -3.756371570132894e-14    9    6    6    4
 -0.03631063487595457    9    6    6    5
 1.689273720906215e-14    9    6    6    6
 -0.006515055372363932    9    6    7    1
 1.983251182298645e-07    9    6    7    2
 2.789435349370706e-15    9    6    7    3
 0.04555117680349104    9    6    7    4
 -4.647828346152072e-14    9    6    7    5
 -3.074076576371769e-05    9    6    7    6
 3.131175874138137e-15    9    6    7    7
 -1.253662972044989e-15    9    6    8    1
 1.094783985688963e-14    9    6    8    2
 -0.03407562954107383    9    6    8    3
 -4.655661456577284e-07    9    6    8    5
 5.509481759702339e-15    9    6    8    6
 -0.00670960171067566    9    6    8    7
 1.148148416618699e-14    9    6    8    8
 3.54899052629155e-07    9    6    9    1
 0.01292479799763024    9    6    9    2
 1.21539063535625e-14    9    6    9    3
 1.804034668478156e-06    9    6    9    4
 9.831545300098554e-15    9    6    9    5
 0.06425775490790936    9    6    9    6
 7.227409284798507e-06    9    7    1    1
 -0.06493889784570285    9    7    2    1
 -2.397204198773843e-05    9    7    2    2
 -1.831867990631508e-15    9    7    3    1
 6.01428629121159e-15    9    7    3    2
 -2.933397315690063e-05    9    7    3    3
 -2.936984430967131e-05    9    7    4    1
 0.07328590023156926    9    7    4    2
 -4.80336256880598e-14    9    7    4    3
 5.712452163539013e-05    9    7    4    4
 -4.903195904848445e-14    9    7    5    2
 -0.05503257989204544    9    7    5    3
 -8.097689185859736e-15    9    7    5    4
 -2.468300689664273e-05    9    7    5    5
 -0.0101984180426147    9    7    6    1
 -6.962811248164083e-06    9    7    6    2
 2.263814136149733e-15    9    7    6    3
 0.0523512106116243    9    7    6    4
 -5.437490735449302e-14    9    7    6    5
 -2.991989970178254e-05    9    7    6    6
 -3.058317488147111e-15    9    7    7    1
 4.642120021713936e-15    9    7    7    2
 -1.556035547143817e-05    9    7    7    3
 5.227675931029907e-14    9    7    7    4
 0.05078421432581857    9    7    7    5
 2.163200174543078e-14    9    7    7    6
 5.926371857313714e-05    9    7    7    7
 -1.965017888785219e-06    9    7    8    1
 -0.01838437898249975    9    7    8    2
 -8.226058723082019e-15    9    7    8    3
 -1.685738293533232e-05    9    7    8    4
 9.83935155574045e-15    9    7    8    5
 -0.05612428557382607    9    7    8    6
 6.796226450535292e-15    9    7    8    7
 -2.697728608278036e-05    9    7    8    8
 1.844011054963346e-15    9    7    9    1
 8.108097526715596e-15    9    7    9    2
 -0.01909102150239961    9    7    9    3
 -8.155802422304959e-15    9    7    9    4
 -7.351675754818047e-06    9    7    9    5
 4.576851050930308e-15    9    7    9    6
 0.08349788123069177    9    7    9    7
 -4.989932078647286e-15    9    8    1    1
 -3.115563362854346e-15    9    8    2    2
 1.430140525267719e-05    9    8    3    1
 0.03216648608548642    9    8    3    2
 2.026699121027153e-14    9    8    4    1
 3.162400896705719e-15    9    8    4    2
 -1.351712791555628e-05    9    8    4    3
 -2.719422994082454e-14    9    8    4    4
 0.03393039121894234    9    8    5    1
 3.083809859195438e-05    9    8    5    2
 -1.64772709365657e-14    9    8    5    3
 -0.01458818990238424    9    8    5    4
 2.201711035709764e-14    9    8    5    5
 1.368523350198103e-14    9    8    6    2
 -0.02639723174436003    9    8    6    3
 2.9679705459015e-06    9    8    6    5
 1.415534356397075e-15    9    8    6    6
 7.169382825544606e-06    9    8    7    1
 -0.02260272128868987    9    8    7    2
 -1.332376049767436e-14    9    8    7    3
 -2.975951507956849e-06    9    8    7    4
 1.136937766155199e-14    9    8    7    5
 -0.01665401507648233    9    8    7    6
 -1.701263980494368e-15    9    8    7    7
 -4.261348218737027e-15    9    8    8    2
 -1.028633508513729e-05    9    8    8    3
 -3.602673714908633e-14    9    8    8    4
 -0.0271135788006556    9    8    8    5
 -1.4712729860697e-05    9    8    8    7
 3.882311139236094e-15    9    8    8    8
 -0.002573658714263164    9    8    9    1
 4.05518051064006e-06    9    8    9    2
 4.252674601357143e-15    9    8    9    3
 -0.02308898609727375    9    8    9    4
 3.421330059538708e-14    9    8    9    5
 3.446380039786368e-05    9    8    9    6
 6.898995263959762e-15    9    8    9    7
 0.03731174062076233    9    8    9    8
 0.2285664571449706    9    9    1    1
 2.864909498682485e-05    9    9    2    1
 0.2473705882906576    9    9    2    2
 -2.08080080943418e-14    9    9    3    1
 -1.304512053934559e-14    9    9    3    2
 0.2253106718618706    9    9    3    3
 -0.01769319630184206    9    9    4    1
 -2.045832940712452e-05    9    9    4    2
 4.288236432614667e-15    9    9    4    3
 0.2390261950747368    9    9    4    4
 3.365363543395006e-15    9    9    5    1
 -2.17881268582687e-14    9    9    5    2
 3.782445491067369e-05    9    9    5    3
 7.37561053898439e-15    9    9    5    4
 0.2336329490350077    9    9    5    5
 -2.678054515798658e-07    9    9    6    1
 0.01626847946120814    9    9    6    2
 1.260103132949553e-14    9    9    6    3
 -1.421402506651378e-05    9    9    6    4
 1.429412144204889e-14    9    9    6    5
 0.242448016921079    9    9    6    6
 9.673685463784665e-15    9    9    7    2
 -0.01514706081291444    9    9    7    3
 -1.420738526825005e-14    9    9    7    4
 -1.626833435025197e-05    9    9    7    5
 4.73752981289266e-15    9    9    7    6
 0.2484244404442678    9    9    7    7
 0.003509743302682146    9    9    8    1
 4.603729925199706e-06    9    9    8    2
 9.688864294199462e-15    9    9    8    3
 -0.01377986304645831    9    9    8    4
 2.481348460037225e-14    9    9    8    5
 3.889525554490207e-05    9    9    8    6
 2.692290834716005e-15    9    9    8    7
 0.2333812875855179    9    9    8    8
 1.691789069946381e-15    9    9    9    1
 -5.925815393936773e-15    9    9    9    2
 7.06837220407772e-06    9    9    9    3
 2.4084033378724e-14    9    9    9    4
 0.01635420541394409    9    9    9    5
 -1.901256929670581e-14    9    9    9    6
 -2.254634068194015e-05    9    9    9    7
 -7.235531618299262e-15    9    9    9    8
 0.2625686259796235    9    9    9    9
 -1.402090249458254e-15   10    1    1    1
 1.243579891840874e-15   10    1    2    1
 -0.00656564662119793   10    1    3    1
 -1.07872595557455e-06   10    1    3    2
 1.183948772354171e-15   10    1    3    3
 -0.008437980687008226   10    1    4    3
 1.391248227733399e-15   10    1    4    4
 2.0427605400943e-06   10    1    5    1
 0.001368592955930604   10    1    5    2
 8.664510081635157e-15   10    1    5    3
 4.343657577955403e-06   10    1    5    4
 -2.870099991003627e-15   10    1    6    2
 8.990139171402325e-06   10    1    6    3
 -1.091493432095469e-14   10    1    6    4
 -0.01355663031667936   10    1    6    5
 -1.352216949523921e-15   10    1    6    6
 -0.01162039002029358   10    1    7    1
 4.167373373659453e-07   10    1    7    2
 2.365295459494376e-15   10    1    7    3
 -0.02365517074226893   10    1    7    4
 1.880765508610605e-14   10    1    7    5
 3.95944353030772e-06   10    1    7    6
 2.818925648462312e-15   10    1    7    7
 -7.873042495720739e-15   10    1    8    1
 -0.02043419286867253   10    1    8    3
 -4.321196178658226e-15   10    1    8    4
 1.03698824292795e-05   10    1    8    5
 -0.009980670696880592   10    1    8    7
 -7.12277459236077e-15   10    1    8    8
 4.430939605903672e-06   10    1    9    1
 -0.01275466026462343   10    1    9    2
 2.937537366132226e-15   10    1    9    3
 -3.853740627307589e-07   10    1    9    4
 4.721917301608869e-15   10    1    9    5
 0.001462950805088036   10    1    9    6
 1.676393399097087e-15   10    1    9    7
 -1.695509375177363e-06   10    1    9    8
 0.0255273262629123   10    1   10    1
 2.543538296650993e-15   10    2    2    1
 2.303929616531697e-15   10    2    2    2
 2.190511714703808e-06   10    2    3    1
 0.001668136006626778   10    2    3    2
 1.836042168995577e-15   10    2    4    1
 -1.263746052249104e-15   10    2    4    2
 -1.388760288126978e-06   10    2    4    3
 1.751209447635807e-14   10    2    4    4
 0.003648808956966938   10    2    5    1
 1.688686961503824e-07   10    2    5    2
 1.919471526168337e-15   10    2    5    3
 0.00818087176007087   10    2    5    4
 -1.495071427770611e-14   10    2    5    5
 -4.145121745846581e-15   10    2    6    1
 3.321995456495586e-15   10    2    6    2
 -0.01746950388586803   10    2    6    3
 2.1241688963336e-15   10    2    6    4
 -5.943877989348766e-06   10    2    6    5
 -4.253541963095131e-15   10    2    6    6
 4.214262915394707e-07   10    2    7    1
 0.01371548890437121   10    2    7    2
 -2.087956543772584e-15   10    2    7    3
 1.263296721842187e-05   10    2    7    4
 -1.753805434212552e-15   10    2    7    5
 0.01008754046029387   10    2    7    6
 4.003316572014949e-15   10    2    7    7
 -1.898654844456615e-15   10    2    8    2
 -5.667422318647689e-06   10    2    8    3
 -1.368315996532615e-14   10    2    8    4
 -0.01740985883968231   10    2    8    5
 1.922940973120291e-15   10    2    8    6
 -1.866593016621916e-06   10    2    8    7
 -1.318389841742373e-15   10    2    8    8
 -0.01592917583613028   10    2    9    1
 -8.383802178548241e-06   10    2    9    2
 7.009367045118786e-15   10    2    9    3
 0.01399390490745069   10    2    9    4
 -5.381979584218044e-15   10    2    9    5
 1.214027668789384e-07   10    2    9    6
 -5.010748760359007e-15   10    2    9    7
 0.002382134996562956   10    2    9    8
 -4.711808054542274e-06   10    2   10    1
 0.01585447395793286   10    2   10    2
 -0.013945985249296   10    3    1    1
 -3.383571304912203e-06   10    3    2    1
 -0.004544635784908037   10    3    2    2
 -1.411631228576127e-15   10    3    3    1
 0.001131080622801377   10    3    3    3
 -0.01212001222970138   10    3    4    1
 3.040664806993955e-06   10    3    4    2
 -0.02725913094433137   10    3    4    4
 1.202987362503016e-14   10    3    5    1
 -1.450011985482114e-15   10    3    5    2
 -2.08182455560127e-06   10    3    5    3
 3.264538162364716e-14   10    3    5    4
 0.009741637519280007   10    3    5    5
 1.056915806460358e-05   10    3    6    1
 -0.01692153357814881   10    3    6    2
 -2.483256655860799e-15   10    3    6    3
 1.643929370891451e-05   10    3    6    4
 7.198668744434755e-15   10    3    6    5
 0.01109245734358156   10    3    6    6
 2.128505705023542e-15   10    3    7    1
 -1.104368332893735e-15   10    3    7    2
 -0.009481341193287335   10    3    7    3
 4.276093368282829e-15   10    3    7    4
 1.711801768867515e-05   10    3    7    5
 4.407498671588073e-15   10    3    7    6
 -0.03020047457705433   10    3    7    7
 -0.02815590425643082   10    3    8    1
 -4.556021479909775e-06   10    3    8    2
 5.64479019082853e-15   10    3    8    3
 -0.01005477509409344   10    3    8    4
 5.474787290182803e-15   10    3    8    5
 -2.35306678943084e-06   10    3    8    6
 -6.168676680573526e-15   10    3    8    7
 0.001333933452458342   10    3    8    8
 3.879600633804881e-15   10    3    9    1
 6.124766492587863e-15   10    3    9    2
 -5.222631950436383e-06   10    3    9    3
 -1.282643696115526e-14   10    3    9    4
 -0.01713162165882823   10    3    9    5
 -7.940696711283834e-15   10    3    9    6
 2.938941022920575e-06   10    3    9    7
 -1.405993377279202e-15   10    3    9    8
 -0.003677657150235231   10    3    9    9
 -6.5221265888038e-15   10    3   10    1
 -1.995799359111317e-15   10    3   10    2
 0.02845886852577693   10    3   10    3
 3.200781653611706e-15   10    4    2    1
 -0.0150150927373532   10    4    3    1
 -5.609989383699791e-06   10    4    3    2
 4.734060365940707e-15   10    4    3    3
 4.427014310692812e-15   10    4    4    1
 1.790408099555663e-14   10    4    4    2
 -0.0222596946353704   10    4    4    3
 6.349087922075114e-15   10    4    4    4
 2.646402791395996e-06   10    4    5    1
 0.005715909126040753   10    4    5    2
 3.552345050061856e-14   10    4    5    3
 1.883323679508722e-05   10    4    5    4
 -2.690556111240028e-15   10    4    5    5
 -1.812655928135065e-14   10    4    6    1
 2.955968803064479e-15   10    4    6    2
 1.578741024015291e-05   10    4    6    3
 1.917677171572874e-14   10    4    6    4
 0.01357569602869507   10    4    6    5
 3.378373969464832e-15   10    4    6    6
 -0.03083867269688824   10    4    7    1
 1.47172276763366e-05   10    4    7    2
 9.715318827208108e-15   10    4    7    3
 -0.008334207765355487   10    4    7    4
 1.678258226833762e-14   10    4    7    5
 1.980527517622016e-05   10    4    7    6
 8.350958813352349e-15   10    4    7    7
 -3.636847767385376e-15   10    4    8    1
 -1.60360006523641e-14   10    4    8    2
 -0.002616221948675312   10    4    8    3
 -1.521786169300654e-15   10    4    8    4
 1.608111716513237e-05   10    4    8    5
 2.116666217300001e-14   10    4    8    6
 -0.02503321967577221   10    4    8    7
 -8.85055917443367e-15   10    4    8    8
 -7.160282366460379e-07   10    4    9    1
 0.01933410198921071   10    4    9    2
 -1.78539908551878e-14   10    4    9    3
 1.473946757860533e-05   10    4    9    4
 -7.158553264052792e-15   10    4    9    5
 0.007068876171527757   10    4    9    6
 1.653603469431442e-14   10    4    9    7
 -7.581429800831421e-06   10    4    9    8
 -5.103556466323766e-15   10    4    9    9
 0.0125528385239156   10    4   10    1
 -4.822331805181884e-07   10    4   10    2
 -2.857089564933801e-15   10    4   10    3
 0.03185325856913086   10    4   10    4
 9.710385697413989e-06   10    5    1    1
 0.005428239953977522   10    5    2    1
 1.238351782732661e-06   10    5    2    2
 1.438259233932371e-14   10    5    3    1
 8.212962002595662e-06   10    5    3    3
 8.268107850080355e-06   10    5    4    1
 0.009567637883662166   10    5    4    2
 3.705803025555454e-14   10    5    4    3
 1.978257328857541e-05   10    5    4    4
 -1.489780521168882e-14   10    5    5    2
 0.01974901457830869   10    5    5    3
 -3.407213747252946e-15   10    5    5    4
 -8.014183382458343e-06   10    5    5    5
 -0.02287655567211787   10    5    6    1
 -9.423079987709653e-06   10    5    6    2
 6.558122100930319e-15   10    5    6    3
 0.007351616322265724   10    5    6    4
 -1.73229486311044e-14   10    5    6    5
 -9.062498044892224e-06   10    5    6    6
 2.403079905205496e-14   10    5    7    1
 1.928740940670075e-05   10    5    7    3
 1.436177565761199e-14   10    5    7    4
 0.006616660554655238   10    5    7    5
 -2.000569848670253e-15   10    5    7    6
 2.116465170282968e-05   10    5    7    7
 1.264482014922631e-05   10    5    8    1
 -0.02123755572929604   10    5    8    2
 -2.163200174543078e-15   10    5    8    3
 1.911448185412012e-05   10    5    8    4
 5.61790197695089e-15   10    5    8    5
 0.02222402793921703   10    5    8    6
 2.710746666197139e-14   10    5    8    7
 8.361301398079046e-06   10    5    8    8
 5.729601905771209e-15   10    5    9    1
 -9.829376895753583e-15   10    5    9    2
 -0.02169469574925519   10    5    9    3
 -2.572161234004611e-15   10    5    9    4
 -8.594313010689965e-06   10    5    9    5
 -1.308545286016205e-14   10    5    9    6
 0.01160804432988134   10    5    9    7
 -5.481671973978086e-15   10    5    9    8
 -2.995231129490541e-07   10    5    9    9
 -1.223218575041596e-14   10    5   10    1
 -5.645332291914773e-15   10    5   10    2
 -1.176861510856334e-05   10    5   10    3
 -7.012511231418994e-15   10    5   10    4
 0.02317392066399468   10    5   10    5
 -8.768159809324771e-15   10    6    2    1
 5.633514488234681e-15   10    6    2    2
 2.099169235125135e-05   10    6    3    1
 -0.03384207219067683   10    6    3    2
 -4.184153024056059e-15   10    6    3    3
 -2.773920416282438e-14   10    6    4    1
 6.016888376425555e-15   10    6    4    2
 2.11279767006452e-05   10    6    4    3
 2.718902577039661e-14   10    6    4    4
 -0.03578509007021223   10    6    5    1
 -3.892765969124021e-06   10    6    5    2
 1.005749303284453e-14   10    6    5    3
 0.01481302696001031   10    6    5    4
 -2.411959520998153e-14   10    6    5    5
 -8.690964614643804e-15   10    6    6    2
 0.02918062976258853   10    6    6    3
 5.479124098872745e-15   10    6    6    4
 -2.833424520063263e-05   10    6    6    5
 -2.955968803064479e-15   10    6    6    6
 1.752995287189531e-06   10    6    7    1
 0.02249040058101042   10    6    7    2
 9.090384694987463e-15   10    6    7    3
 3.035481575766532e-05   10    6    7    4
 -5.440092820663267e-15   10    6    7    5
 0.01604114988340622   10    6    7    6
 1.728401222058501e-15   10    6    7    7
 2.541369892306022e-15   10    6    8    2
 -6.447119985422342e-06   10    6    8    3
 3.396274147332567e-14   10    6    8    4
 0.03031201245266155   10    6    8    5
 -6.500008864485096e-15   10    6    8    6
 2.275331550680047e-05   10    6    8    7
 -9.537509670920485e-15   10    6    8    8
 0.004123705335054242   10    6    9    1
 -4.555627711343027e-06   10    6    9    2
 -7.402065071993036e-15   10    6    9    3
 0.0225008360225709   10    6    9    4
 -2.901975534874701e-14   10    6    9    5
 -3.565967804334297e-06   10    6    9    6
 3.811837998024536e-15   10    6    9    7
 -0.03920285015663957   10    6    9    8
 1.109138822452671e-14   10    6    9    9
 -2.143874504502148e-06   10    6   10    1
 -0.004288216224597441   10    6   10    2
 -1.787064795713501e-06   10    6   10    4
 7.717567904186318e-15   10    6   10    5
 0.04152434039530353   10    6   10    6
 -0.04196435977440861   10    7    1    1
 -4.522465925207251e-06   10    7    2    1
 0.01563095671523376   10    7    2    2
 6.819197984064829e-15   10    7    3    1
 -2.105954299835844e-15   10    7    3    2
 -0.03447547794036127   10    7    3    3
 -0.05718183530522065   10    7    4    1
 2.959547167657114e-05   10    7    4    2
 1.357247647604254e-14   10    7    4    3
 -0.02304592557752087   10    7    4    4
 4.552001137136941e-14   10    7    5    1
 2.27556237562545e-05   10    7    5    3
 1.864502476023322e-14   10    7    5    4
 -0.005900935523184443   10    7    5    5
 7.580899162474055e-06   10    7    6    1
 0.02971371914450389   10    7    6    2
 9.154135782729611e-15   10    7    6    3
 2.897967994337828e-05   10    7    6    4
 -4.562322741819003e-15   10    7    6    5
 -0.004607510545166225   10    7    6    6
 2.010544508657119e-15   10    7    7    1
 9.115104504520133e-15   10    7    7    2
 -0.04633710642669653   10    7    7    3
 1.351002643090737e-14   10    7    7    4
 2.978152331810115e-05   10    7    7    5
 -1.337471799978118e-15   10    7    7    6
 -0.02377299777886606   10    7    7    7
 -0.01469231135941667   10    7    8    1
 8.350647656101041e-07   10    7    8    2
 -1.117335390876661e-14   10    7    8    3
 -0.046186260597965   10    7    8    4
 4.996524027855997e-14   10    7    8    5
 2.350263278722254e-05   10    7    8    6
 -6.479192182773374e-15   10    7    8    7
 -0.03903245518818183   10    7    8    8
 3.55878521096642e-15   10    7    9    1
 -5.072981965059675e-15   10    7    9    2
 1.057104115260413e-06   10    7    9    3
 3.660613479006258e-14   10    7    9    4
 0.02972038571205542   10    7    9    5
 1.085676687440085e-14   10    7    9    6
 3.256724936463707e-05   10    7    9    7
 7.059023504618622e-15   10    7    9    8
 0.02257533549955044   10    7    9    9
 -1.137111238502797e-15   10    7   10    1
 0.01494492548556248   10    7   10    3
 -1.313142303227544e-14   10    7   10    4
 -1.04745830730941e-05   10    7   10    5
 0.06791962376377184   10    7   10    7
 -2.706168622523819e-14   10    8    1    1
 -4.649058915617843e-15   10    8    2    1
 -1.235990476633475e-14   10    8    2    2
 -0.06808710645548613   10    8    3    1
 -1.529366655178454e-05   10    8    3    2
 9.0951551845464e-15   10    8    3    3
 -7.174816296640074e-15   10    8    4    1
 -3.880327049260446e-14   10    8    4    2
 -0.01303647800387877   10    8    4    3
 -7.067263441129512e-15   10    8    4    4
 2.54834539903264e-05   10    8    5    1
 -0.05368106068026603   10    8    5    2
 -2.067790383364354e-15   10    8    5    3
 3.20811393314691e-05   10    8    5    4
 7.506148480551644e-15   10    8    5    5
 1.139713323716762e-15   10    8    6    1
 5.532466845759032e-15   10    8    6    2
 -8.347183419851647e-07   10    8    6    3
 5.341088899282753e-14   10    8    6    4
 0.04864548196416137   10    8    6    5
 -1.70605717053629e-14   10    8    6    6
 -0.01780976708089614   10    8    7    1
 -8.677216958891057e-06   10    8    7    2
 -1.179958908359424e-14   10    8    7    3
 -0.05410643069724917   10    8    7    4
 6.122576404199442e-14   10    8    7    5
 3.312946580637881e-05   10    8    7    6
 -4.506811590587745e-15   10    8    7    7
 -6.184289191857317e-15   10    8    8    1
 -4.310787837802366e-15   10    8    8    2
 0.03322429306839292   10    8    8    3
 -1.855546966078592e-14   10    8    8    4
 -2.23196133749e-06   10    8    8    5
 -1.91999194321113e-14   10    8    8    6
 -0.01394180486405239   10    8    8    7
 -3.415757260372132e-14   10    8    8    8
 1.043300156203925e-06   10    8    9    1
 0.002137436524337988   10    8    9    2
 -6.491768927974206e-15   10    8    9    3
 -1.083288412934928e-05   10    8    9    4
 -4.598968775249013e-15   10    8    9    5
 -0.06104552116162985   10    8    9    6
 7.003512353387364e-15   10    8    9    7
 -1.484803880543372e-05   10    8    9    8
 2.365902612710968e-14   10    8    9    9
 0.008733688676553749   10    8   10    1
 -2.852454572109845e-06   10    8   10    2
 1.055731023436035e-14   10    8   10    3
 0.01887330916082084   10    8   10    4
 -1.554745915344213e-14   10    8   10    5
 -2.609127353221536e-05   10    8   10    6
 2.258176284852809e-15   10    8   10    7
 0.07971468141662402   10    8   10    8
 1.970220751085376e-05   10    9    1    1
 -0.06376021663782283   10    9    2    1
 -3.028912823866553e-05   10    9    2    2
 7.580741590018647e-15   10    9    3    1
 1.60288449180257e-14   10    9    3    2
 -1.644986497610838e-05   10    9    3    3
 -6.272609522792085e-06   10    9    4    1
 0.06151411335983149   10    9    4    2
 -5.200787717152267e-14   10    9    4    3
 5.022251941997355e-05   10    9    4    4
 1.044477004885636e-14   10    9    5    1
 -3.325464903447539e-14   10    9    5    2
 -0.06468086503562863   10    9    5    3
 -1.064426324859369e-14   10    9    5    4
 -1.479538824739518e-05   10    9    5    5
 0.006461818054610622   10    9    6    1
 -1.360219823562766e-05   10    9    6    2
 -1.014292816403639e-14   10    9    6    3
 0.04345628485227747   10    9    6    4
 -5.331846075762314e-14   10    9    6    5
 -1.861677963175153e-05   10    9    6    6
 5.792241686286559e-15   10    9    7    1
 -4.551914400963142e-15   10    9    7    2
 -5.961784709810171e-06   10    9    7    3
 5.238398690515789e-14   10    9    7    4
 0.04268792613029129   10    9    7    5
 1.560904183683931e-14   10    9    7    6
 5.175388796556959e-05   10    9    7    7
 -3.937590639287492e-06   10    9    8    1
 -0.001964942424456642   10    9    8    2
 -6.852157730108388e-15   10    9    8    3
 -8.174281086079549e-06   10    9    8    4
 -2.827599265842196e-15   10    9    8    5
 -0.06888770256580737   10    9    8    6
 8.15493506056697e-15   10    9    8    7
 -1.280087811827893e-05   10    9    8    8
 -2.122000491988629e-15   10    9    9    1
 -0.002310048213722116   10    9    9    3
 -1.426810058990924e-14   10    9    9    4
 -1.470320713146175e-05   10    9    9    5
 1.530069473898443e-14   10    9    9    6
 0.06959568432702896   10    9    9    7
 2.275436783438778e-14   10    9    9    8
 -3.109390774259316e-05   10    9    9    9
 -1.639313684798083e-15   10    9   10    1
 4.004051846170258e-06   10    9   10    3
 -6.929895025875599e-15   10    9   10    4
 -0.006101694008423095   10    9   10    5
 -1.492447658513196e-14   10    9   10    6
 6.118260904765943e-06   10    9   10    7
 -6.414573733293238e-15   10    9   10    8
 0.07001838307494573   10    9   10    9
 0.2739307267893981   10   10    1    1
 -2.007394276927641e-05   10   10    2    1
 0.2305980878179576   10   10    2    2
 -2.12191375581483e-14   10   10    3    1
 -6.453171330633722e-15   10   10    3    2
 0.2639021358228167   10   10    3    3
 0.04384007345218123   10   10    4    1
 3.049380655330855e-06   10   10    4    2
 -1.067201882420932e-14   10   10    4    3
 0.2626646345251156   10   10    4    4
 -4.087702398791748e-14   10   10    5    1
 -1.498107193853571e-14   10   10    5    2
 -3.676897440634431e-05   10   10    5    3
 -1.169984248372558e-14   10   10    5    4
 0.2420338928745263   10   10    5    5
 -9.010584578684284e-06   10   10    6    1
 -0.01812629843742209   10   10    6    2
 -1.40165656858926e-15   10   10    6    3
 -4.40080249788314e-06   10   10    6    4
 1.448147157745439e-14   10   10    6    5
 0.2502693829747658   10   10    6    6
 -1.65145674912992e-15   10   10    7    1
 -3.239162410517693e-15   10   10    7    2
 0.03466757108652449   10   10    7    3
 -2.339881760571316e-14   10   10    7    4
 -8.754889889445801e-06   10   10    7    5
 4.548444954011188e-15   10   10    7    6
 0.2729148143734876   10   10    7    7
 0.01693375967637036   10   10    8    1
 -5.498763784261363e-06   10   10    8    2
 1.752417655431771e-14   10   10    8    3
 0.03631853569200563   10   10    8    4
 -3.35981242827188e-14   10   10    8    5
 -3.935640737874345e-05   10   10    8    6
 8.715250743307479e-15   10   10    8    7
 0.2787087763738816   10   10    8    8
 -2.380907970778168e-15   10   10    9    1
 -3.334804462791973e-06   10   10    9    3
 -2.064754617281395e-14   10   10    9    4
 -0.01825367242455901   10   10    9    5
 -2.382642694254145e-14   10   10    9    6
 5.570131705538717e-06   10   10    9    7
 -1.031119634120614e-14   10   10    9    8
 0.2390255029503202   10   10    9    9
 1.047339298620997e-15   10   10   10    1
 -0.01701897914053674   10   10   10    3
 9.463783923191471e-15   10   10   10    4
 1.245418948825068e-05   10   10   10    5
 5.963979310408263e-15   10   10   10    6
 -0.05098022222756648   10   10   10    7
 1.428761622901398e-14   10   10   10    8
 2.059738599799888e-05   10   10   10    9
 0.2958815930886463   10   10   10   10
 -2.518703104231083    1    1  0  0
 2.267750378881504e-05    2    1  0  0
 -2.292398570468997    2    2  0  0
 4.212772922149982e-14    3    1  0  0
 1.817919519630316e-14    3    2  0  0
 -2.348677107894417    3    3  0  0
 -0.1660998519557715    4    1  0  0
 3.092830991372401e-05    4    2  0  0
 3.133899985552786e-14    4    3  0  0
 -2.315643316461688    4    4  0  0
 1.405145554359664e-13    5    1  0  0
 2.815221501997527e-14    5    2  0  0
 8.291473624397202e-05    5    3  0  0
 3.935235535497173e-14    5    4  0  0
 -2.199089900697027    5    5  0  0
 5.359202727112837e-05    6    1  0  0
 0.06341212079385651    6    2  0  0
 2.717326314453221e-14    6    3  0  0
 6.829937139290341e-05    6    4  0  0
 -2.084663663258458e-14    6    5  0  0
 -2.055038443221088    6    6  0  0
 -1.319963670213272e-14    7    1  0  0
 2.088239455900507e-14    7    2  0  0
 -0.1327771706913217    7    3  0  0
 5.969011532254025e-14    7    4  0  0
 4.540848404640802e-05    7    5  0  0
 -3.47576189009665e-14    7    6  0  0
 -2.096388320584484    7    7  0  0
 -0.07337002560208311    8    1  0  0
 1.017881674199427e-05    8    2  0  0
 -4.062952880020898e-14    8    3  0  0
 -0.123783015136544    8    4  0  0
 1.432278473962344e-13    8    5  0  0
 7.301275246828573e-05    8    6  0  0
 -5.925237331124539e-14    8    7  0  0
 -2.060040613519287    8    8  0  0
 1.541807148935103e-14    9    1  0  0
 6.556594951889407e-15    9    2  0  0
 2.912835314692981e-05    9    3  0  0
 7.142597629335014e-14    9    4  0  0
 0.06399118373285634    9    5  0  0
 7.994909508214079e-14    9    6  0  0
 3.06406347381313e-05    9    7  0  0
 2.42668726567825e-14    9    8  0  0
 -1.856646817507628    9    9  0  0
 1.380251390618398e-15   10    1  0  0
 -1.088424759737048e-14   10    2  0  0
 0.06347694371676664   10    3  0  0
 -1.246082156007128e-14   10    4  0  0
 -5.091871872969046e-05   10    5  0  0
 -6.401471040628299e-15   10    6  0  0
 0.1704076994056828   10    7  0  0
 -3.734682309035162e-14   10    8  0  0
 -1.980628195689232e-05   10    9  0  0
 -1.928528957025448   10   10  0  0
 -369.7459352769325  0  0  0  0
