# All geometries are in Angstrom

# Naphthalene, singlet
C  -2.433661  0.708302  0.000000
C  -2.433661 -0.708302  0.000000
H  -3.378045 -1.245972  0.000000
H  -3.378045  1.245972  0.000000
C  -1.244629  1.402481  0.000000
C  -1.244629 -1.402481  0.000000
C  -0.000077  0.717168  0.000000
C  -0.000077 -0.717168  0.000000
H  -1.242734  2.490258  0.000000
H  -1.242734 -2.490258  0.000000
C   1.244779  1.402533  0.000000
C   1.244779 -1.402533  0.000000
C   2.433606  0.708405  0.000000
C   2.433606 -0.708405  0.000000
H   1.242448  2.490302  0.000000
H   1.242448 -2.490302  0.000000
H   3.378224  1.245662  0.000000
H   3.378224 -1.245662  0.000000

# Naphthalene, triplet
C   2.488282  0.681831  0.000000
C   2.488282 -0.681831  0.000000
H   3.419575 -1.241120  0.000000
H   3.419575  1.241120  0.000000
C   1.238411  1.400670  0.000000
C   1.238411 -1.400670  0.000000
C  -0.000001  0.725296  0.000000
C  -0.000001 -0.725296  0.000000
H   1.247313  2.487396  0.000000
H   1.247313 -2.487396  0.000000
C  -1.238411  1.400665  0.000000
C  -1.238411 -1.400665  0.000000
C  -2.488281  0.681833  0.000000
C  -2.488281 -0.681833  0.000000
H  -1.247325  2.487390  0.000000
H  -1.247325 -2.487390  0.000000
H  -3.419563  1.241141  0.000000
H  -3.419563 -1.241141  0.000000

# Anthracene, singlet
C  -3.660857  0.713070  0.000000
C  -3.660857 -0.713070  0.000000
H  -4.607652 -1.246404  0.000000
H  -4.607652  1.246404  0.000000
C  -2.479632  1.407088  0.000000
C  -2.479632 -1.407088  0.000000
C  -1.224085  0.722636  0.000000
C  -1.224085 -0.722636  0.000000
H  -2.477321  2.494657  0.000000
H  -2.477321 -2.494657  0.000000
C   0.000029  1.403284  0.000000
C   0.000029 -1.403284  0.000000
C   1.224035  0.722646  0.000000
C   1.224035 -0.722646  0.000000
H  -0.000033  2.491609  0.000000
H  -0.000033 -2.491609  0.000000
C   2.479679  1.407102  0.000000
C   2.479679 -1.407102  0.000000
C   3.660841  0.713104  0.000000
C   3.660841 -0.713104  0.000000
H   2.477242  2.494663  0.000000
H   2.477242 -2.494663  0.000000
H   4.607703  1.246313  0.000000
H   4.607703 -1.246313  0.000000

# Anthracene, triplet
C   3.706046  0.691777  0.000000
C   3.706046 -0.691777  0.000000
H   4.641764 -1.243830  0.000000
H   4.641764  1.243830  0.000000
C   2.480846  1.395697  0.000000
C   2.480846 -1.395697  0.000000
C   1.255174  0.720576  0.000000
C   1.255174 -0.720576  0.000000
H   2.484966  2.483134  0.000000
H   2.484966 -2.483134  0.000000
C   0.000000  1.406192  0.000000
C   0.000000 -1.406192  0.000000
C  -1.255173  0.720575  0.000000
C  -1.255173 -0.720575  0.000000
H  -0.000001  2.493700  0.000000
H  -0.000001 -2.493700  0.000000
C  -2.480846  1.395696  0.000000
C  -2.480846 -1.395696  0.000000
C  -3.706045  0.691777  0.000000
C  -3.706045 -0.691777  0.000000
H  -2.484968  2.483133  0.000000
H  -2.484968 -2.483133  0.000000
H  -4.641762  1.243835  0.000000
H  -4.641762 -1.243835  0.000000

# Tetracene, singlet
C   4.889184  0.715267  0.000000
C   4.889184 -0.715267  0.000000
H   5.837094 -1.246479  0.000000
H   5.837094  1.246479  0.000000
C   3.711380  1.409387  0.000000
C   3.711380 -1.409387  0.000000
C   2.450840  0.725941  0.000000
C   2.450840 -0.725941  0.000000
H   3.709630  2.496931  0.000000
H   3.709630 -2.496931  0.000000
C   1.235427  1.406152  0.000000
C   1.235427 -1.406152  0.000000
C   0.000016  0.726124  0.000000
C   0.000016 -0.726124  0.000000
H   1.235305  2.494321  0.000000
H   1.235305 -2.494321  0.000000
C  -1.235526  1.406147  0.000000
C  -1.235526 -1.406147  0.000000
C  -2.450799  0.725948  0.000000
C  -2.450799 -0.725948  0.000000
H  -1.235335  2.494309  0.000000
H  -1.235335 -2.494309  0.000000
C  -3.711407  1.409399  0.000000
C  -3.711407 -1.409399  0.000000
C  -4.889136  0.715307  0.000000
C  -4.889136 -0.715307  0.000000
H  -3.709510  2.496929  0.000000
H  -3.709510 -2.496929  0.000000
H  -5.837057  1.246476  0.000000
H  -5.837057 -1.246476  0.000000

# Tetracene, triplet
C  -4.926099  0.698684  0.000000
C  -4.926099 -0.698684  0.000000
H  -5.865246 -1.244975  0.000000
H  -5.865246  1.244975  0.000000
C  -3.716632  1.397315  0.000000
C  -3.716632 -1.397315  0.000000
C  -2.486849  0.717519  0.000000
C  -2.486849 -0.717519  0.000000
H  -3.717388  2.484893  0.000000
H  -3.717388 -2.484893  0.000000
C  -1.231329  1.404734  0.000000
C  -1.231329 -1.404734  0.000000
C   0.000000  0.730940  0.000000
C   0.000000 -0.730940  0.000000
H  -1.236114  2.492628  0.000000
H  -1.236114 -2.492628  0.000000
C   1.231329  1.404734  0.000000
C   1.231329 -1.404734  0.000000
C   2.486848  0.717519  0.000000
C   2.486848 -0.717519  0.000000
H   1.236114  2.492628  0.000000
H   1.236114 -2.492628  0.000000
C   3.716633  1.397314  0.000000
C   3.716633 -1.397314  0.000000
C   4.926099  0.698684  0.000000
C   4.926099 -0.698684  0.000000
H   3.717391  2.484892  0.000000
H   3.717391 -2.484892  0.000000
H   5.865245  1.244978  0.000000
H   5.865245 -1.244978  0.000000

# Pentacene, singlet
C   6.117721  0.716456  0.000000
C   6.117721 -0.716456  0.000000
H   7.065952 -1.247064  0.000000
H   7.065952  1.247064  0.000000
C   4.941657  1.410527  0.000000
C   4.941657 -1.410527  0.000000
C   3.678746  0.727647  0.000000
C   3.678746 -0.727647  0.000000
H   4.939919  2.498020  0.000000
H   4.939919 -2.498020  0.000000
C   2.467582  1.407836  0.000000
C   2.467582 -1.407836  0.000000
C   1.226500  0.728534  0.000000
C   1.226500 -0.728534  0.000000
H   2.467624  2.495998  0.000000
H   2.467624 -2.495998  0.000000
C  -0.000028  1.408524  0.000000
C  -0.000028 -1.408524  0.000000
C  -1.226469  0.728539  0.000000
C  -1.226469 -0.728539  0.000000
H  -0.000017  2.496573  0.000000
H  -0.000017 -2.496573  0.000000
C  -2.467625  1.407846  0.000000
C  -2.467625 -1.407846  0.000000
C  -3.678713  0.727655  0.000000
C  -3.678713 -0.727655  0.000000
H  -2.467643  2.496006  0.000000
H  -2.467643 -2.496006  0.000000
C  -4.941671  1.410535  0.000000
C  -4.941671 -1.410535  0.000000
C  -6.117708  0.716482  0.000000
C  -6.117708 -0.716482  0.000000
H  -4.939849  2.498024  0.000000
H  -4.939849 -2.498024  0.000000
H  -7.065930  1.247100  0.000000
H  -7.065930 -1.247100  0.000000

# Pentacene, triplet
C  -6.148662  0.703577  0.000000
C  -6.148662 -0.703577  0.000000
H  -7.090330 -1.245586  0.000000
H  -7.090330  1.245586  0.000000
C  -4.949456  1.399985  0.000000
C  -4.949456 -1.399985  0.000000
C  -3.712886  0.717632  0.000000
C  -3.712886 -0.717632  0.000000
H  -4.948444  2.487564  0.000000
H  -4.948444 -2.487564  0.000000
C  -2.464142  1.403071  0.000000
C  -2.464142 -1.403071  0.000000
C  -1.244230  0.729785  0.000000
C  -1.244230 -0.729785  0.000000
H  -2.468456  2.491214  0.000000
H  -2.468456 -2.491214  0.000000
C   0.000000  1.408308  0.000000
C   0.000000 -1.408308  0.000000
C   1.244230  0.729785  0.000000
C   1.244230 -0.729785  0.000000
H   0.000000  2.496125  0.000000
H   0.000000 -2.496125  0.000000
C   2.464142  1.403071  0.000000
C   2.464142 -1.403071  0.000000
C   3.712886  0.717632  0.000000
C   3.712886 -0.717632  0.000000
H   2.468456  2.491214  0.000000
H   2.468456 -2.491214  0.000000
C   4.949456  1.399985  0.000000
C   4.949456 -1.399985  0.000000
C   6.148662  0.703577  0.000000
C   6.148662 -0.703577  0.000000
H   4.948445  2.487564  0.000000
H   4.948445 -2.487564  0.000000
H   7.090329  1.245586  0.000000
H   7.090329 -1.245586  0.000000

# Hexacene, singlet
C  -7.350517  0.715773  0.000000
C  -7.350517 -0.715773  0.000000
H  -8.298142 -1.247504  0.000000
H  -8.298142  1.247504  0.000000
C  -6.172862  1.409775  0.000000
C  -6.172862 -1.409775  0.000000
C  -4.911467  0.727133  0.000000
C  -4.911467 -0.727133  0.000000
H  -6.170427  2.497230  0.000000
H  -6.170427 -2.497230  0.000000
C  -3.698398  1.407935  0.000000
C  -3.698398 -1.407935  0.000000
C  -2.457546  0.729346  0.000000
C  -2.457546 -0.729346  0.000000
H  -3.698513  2.496086  0.000000
H  -3.698513 -2.496086  0.000000
C  -1.232079  1.409756  0.000000
C  -1.232079 -1.409756  0.000000
C   0.000001  0.730568  0.000000
C   0.000001 -0.730568  0.000000
H  -1.232324  2.497778  0.000000
H  -1.232324 -2.497778  0.000000
C   1.232076  1.409755  0.000000
C   1.232076 -1.409755  0.000000
C   2.457547  0.729345  0.000000
C   2.457547 -0.729345  0.000000
H   1.232315  2.497777  0.000000
H   1.232315 -2.497777  0.000000
C   3.698396  1.407933  0.000000
C   3.698396 -1.407933  0.000000
C   4.911470  0.727133  0.000000
C   4.911470 -0.727133  0.000000
H   3.698508  2.496084  0.000000
H   3.698508 -2.496084  0.000000
C   6.172863  1.409777  0.000000
C   6.172863 -1.409777  0.000000
C   7.350516  0.715771  0.000000
C   7.350516 -0.715771  0.000000
H   6.170439  2.497232  0.000000
H   6.170439 -2.497232  0.000000
H   8.298147  1.247490  0.000000
H   8.298147 -1.247490  0.000000

# Hexacene, triplet
C  -7.373375  0.707073  0.000000
C  -7.373375 -0.707073  0.000000
H  -8.316769 -1.246130  0.000000
H  -8.316769  1.246130  0.000000
C  -6.181007  1.402359  0.000000
C  -6.181007 -1.402359  0.000000
C  -4.938109  0.718996  0.000000
C  -4.938109 -0.718996  0.000000
H  -6.179284  2.489911  0.000000
H  -6.179284 -2.489911  0.000000
C  -3.697422  1.402780  0.000000
C  -3.697422 -1.402780  0.000000
C  -2.479315  0.727408  0.000000
C  -2.479315 -0.727408  0.000000
H  -3.700526  2.491010  0.000000
H  -3.700526 -2.491010  0.000000
C  -1.229341  1.408048  0.000000
C  -1.229341 -1.408048  0.000000
C   0.000000  0.733735  0.000000
C   0.000000 -0.733735  0.000000
H  -1.231922  2.495996  0.000000
H  -1.231922 -2.495996  0.000000
C   1.229341  1.408048  0.000000
C   1.229341 -1.408048  0.000000
C   2.479315  0.727408  0.000000
C   2.479315 -0.727408  0.000000
H   1.231923  2.495996  0.000000
H   1.231923 -2.495996  0.000000
C   3.697422  1.402780  0.000000
C   3.697422 -1.402780  0.000000
C   4.938108  0.718996  0.000000
C   4.938108 -0.718996  0.000000
H   3.700527  2.491010  0.000000
H   3.700527 -2.491010  0.000000
C   6.181007  1.402359  0.000000
C   6.181007 -1.402359  0.000000
C   7.373375  0.707073  0.000000
C   7.373375 -0.707073  0.000000
H   6.179284  2.489911  0.000000
H   6.179284 -2.489911  0.000000
H   8.316769  1.246130  0.000000
H   8.316769 -1.246130  0.000000

# Heptacene, singlet
C  -7.401555  1.411483  0.000000
C  -6.136564  0.729130  0.000000
H  -4.929343  2.497431  0.000000
C  -4.928774  1.409266  0.000000
C  -4.928771 -1.409267  0.000000
C  -3.683091  0.730693  0.000000
C  -6.136563 -0.729131  0.000000
C  -3.683090 -0.730689  0.000000
C  -2.463339  1.410449  0.000000
C  -7.401552 -1.411489  0.000000
H  -2.463845 -2.498488  0.000000
H  -4.929338 -2.497432  0.000000
C  -1.227895  0.731677  0.000000
H  -2.463848  2.498492  0.000000
C   0.000000  1.410774  0.000000
C  -1.227894 -0.731670  0.000000
H   0.000000 -2.498796  0.000000
C  -2.463337 -1.410445  0.000000
C   1.227897  0.731677  0.000000
H   0.000001  2.498800  0.000000
C   2.463340  1.410449  0.000000
C   1.227896 -0.731670  0.000000
C   2.463338 -1.410445  0.000000
C   0.000000 -1.410768  0.000000
C  -8.576342  0.717433  0.000000
H  -7.400080  2.498950  0.000000
C  -8.576340 -0.717441  0.000000
H  -7.400074 -2.498956  0.000000
H  -9.524560  1.248057  0.000000
H  -9.524558 -1.248067  0.000000
C   3.683091  0.730693  0.000000
H   2.463848  2.498491  0.000000
C   3.683090 -0.730689  0.000000
H   2.463846 -2.498488  0.000000
C   4.928771 -1.409267  0.000000
C   4.928774  1.409267  0.000000
H   4.929343  2.497432  0.000000
C   6.136563  0.729129  0.000000
H   4.929338 -2.497433  0.000000
C   6.136562 -0.729132  0.000000
C   7.401554  1.411483  0.000000
C   7.401551 -1.411488  0.000000
H   7.400078  2.498950  0.000000
C   8.576340  0.717433  0.000000
H   7.400074 -2.498955  0.000000
C   8.576339 -0.717441  0.000000
H   9.524559  1.248057  0.000000
H   9.524556 -1.248067  0.000000

# Heptacene, triplet
C   7.411724  1.404398  0.000000
C   6.163674  0.720631  0.000000
H   4.931184  2.491467  0.000000
C   4.929980  1.403229  0.000000
C   4.929980 -1.403229  0.000000
C   3.709540  0.726107  0.000000
C   6.163674 -0.720631  0.000000
C   3.709540 -0.726107  0.000000
C   2.459662  1.407340  0.000000
C   7.411724 -1.404398  0.000000
H   2.461797 -2.495373  0.000000
H   4.931184 -2.491467  0.000000
C   1.239867  0.733120  0.000000
H   2.461797  2.495373  0.000000
C   0.000000  1.409688  0.000000
C   1.239867 -0.733120  0.000000
H   0.000000 -2.497609  0.000000
C   2.459662 -1.407340  0.000000
C  -1.239867  0.733120  0.000000
H   0.000000  2.497609  0.000000
C  -2.459662  1.407340  0.000000
C  -1.239867 -0.733120  0.000000
C  -2.459662 -1.407340  0.000000
C   0.000000 -1.409688  0.000000
C   8.599365  0.709635  0.000000
H   7.409221  2.491941  0.000000
C   8.599365 -0.709635  0.000000
H   7.409221 -2.491941  0.000000
H   9.544428  1.245846  0.000000
H   9.544428 -1.245846  0.000000
C  -3.709540  0.726107  0.000000
H  -2.461797  2.495373  0.000000
C  -3.709540 -0.726107  0.000000
H  -2.461797 -2.495373  0.000000
C  -4.929980 -1.403229  0.000000
C  -4.929980  1.403229  0.000000
H  -4.931184  2.491467  0.000000
C  -6.163674  0.720631  0.000000
H  -4.931184 -2.491467  0.000000
C  -6.163674 -0.720631  0.000000
C  -7.411724  1.404398  0.000000
C  -7.411724 -1.404398  0.000000
H  -7.409221  2.491941  0.000000
C  -8.599365  0.709635  0.000000
H  -7.409221 -2.491941  0.000000
C  -8.599365 -0.709635  0.000000
H  -9.544428  1.245846  0.000000
H  -9.544428 -1.245846  0.000000