 &FCI NORB=  12,NELEC=12,MS2=0,
  ORBSYM=1,1,1,1,1,1,1,1,1,1,1,1,
  ISYM=1,
 &END
 0.2640276759350737    1    1    1    1
 -0.01329068022946679    2    1    1    1
 0.02103141715164348    2    1    2    1
 0.3380053976635353    2    2    1    1
 -0.05057600030592033    2    2    2    1
 0.5568704720491024    2    2    2    2
 0.02125705720656797    3    1    3    1
 -0.007492924065642182    3    2    3    1
 0.01159111155872346    3    2    3    2
 0.3336632439571586    3    3    1    1
 -0.03555592680552825    3    3    2    1
 0.5106792640059693    3    3    2    2
 0.5170351306805225    3    3    3    3
 1.337333013340508e-15    4    1    2    2
 1.68879808733059e-15    4    1    3    3
 0.02125705720656819    4    1    4    1
 -1.061493625966595e-15    4    2    3    3
 -0.007492924065642053    4    2    4    1
 0.01159111155872341    4    2    4    2
 0.01565085460207407    4    3    4    3
 0.3336632439571582    4    4    1    1
 -0.03555592680552805    4    4    2    1
 0.5106792640059686    4    4    2    2
 0.4857334214763736    4    4    3    3
 2.194536431552051e-15    4    4    4    1
 0.517035130680521    4    4    4    4
 0.009289834774869389    5    1    3    3
 0.007315396034859954    5    1    4    3
 -0.009289834774869055    5    1    4    4
 0.01365897769974869    5    1    5    1
 0.005926473515677938    5    2    3    3
 0.004666875343636557    5    2    4    3
 -0.005926473515678463    5    2    4    4
 0.01087169267182132    5    2    5    1
 0.01578401431122239    5    2    5    2
 0.01154798050397446    5    3    3    1
 -0.002830226494702879    5    3    3    2
 0.009093600999012817    5    3    4    1
 -0.002228697084377995    5    3    4    2
 0.01572289942903295    5    3    5    3
 0.009093600999012805    5    4    3    1
 -0.002228697084378028    5    4    3    2
 -0.0115479805039744    5    4    4    1
 0.00283022649470281    5    4    4    2
 0.01572289942903284    5    4    5    4
 0.3203309842157732    5    5    1    1
 -0.01427181747872591    5    5    2    1
 0.4741903834448311    5    5    2    2
 0.4650110158786046    5    5    3    3
 0.4650110158786039    5    5    4    4
 0.4696730188857031    5    5    5    5
 0.007315396034860054    6    1    3    3
 -0.009289834774869254    6    1    4    3
 -0.007315396034859869    6    1    4    4
 0.01365897769974874    6    1    6    1
 0.004666875343636493    6    2    3    3
 -0.005926473515678116    6    2    4    3
 -0.004666875343636533    6    2    4    4
 0.01087169267182127    6    2    6    1
 0.01578401431122243    6    2    6    2
 0.00909360099901277    6    3    3    1
 -0.002228697084378044    6    3    3    2
 -0.01154798050397443    6    3    4    1
 0.002830226494702829    6    3    4    2
 0.007738781009753753    6    3    5    4
 0.01572289942903283    6    3    6    3
 -0.01154798050397442    6    4    3    1
 0.002830226494702844    6    4    3    2
 -0.009093600999012821    6    4    4    1
 0.002228697084377962    6    4    4    2
 -0.007738781009753817    6    4    5    3
 0.01572289942903286    6    4    6    4
 0.006627553189487983    6    5    6    5
 0.3203309842157722    6    6    1    1
 -0.01427181747872579    6    6    2    1
 0.4741903834448288    6    6    2    2
 0.4650110158786025    6    6    3    3
 0.4650110158786019    6    6    4    4
 0.456417912506725    6    6    5    5
 0.4696730188856992    6    6    6    6
 4.851743958127169e-11    7    1    1    1
 -1.100388518450388e-11    7    1    2    1
 6.987801477927555e-11    7    1    2    2
 5.465607085014198e-11    7    1    3    3
 3.3979900177058e-15    7    1    4    3
 5.465591312951038e-11    7    1    4    4
 -5.311338769306281e-15    7    1    5    2
 -8.10823059762082e-15    7    1    5    3
 1.046614627574676e-14    7    1    5    4
 1.029015644051761e-10    7    1    5    5
 1.113897794850439e-15    7    1    6    2
 -8.119354440288015e-15    7    1    6    3
 -7.576542975024208e-15    7    1    6    4
 -1.463093158650473e-12    7    1    6    5
 1.155734222694378e-10    7    1    6    6
 0.04097171480195892    7    1    7    1
 1.217197771206494e-11    7    2    1    1
 1.781978952116686e-13    7    2    2    1
 4.976202295046618e-11    7    2    2    2
 4.435421341556551e-11    7    2    3    3
 4.435441057927443e-11    7    2    4    4
 -1.123995694308508e-15    7    2    5    2
 -1.583442404051108e-15    7    2    5    3
 1.972663297978031e-15    7    2    5    4
 5.159795657009613e-11    7    2    5    5
 -1.565322303343302e-15    7    2    6    3
 -1.403873264996342e-15    7    2    6    4
 -2.986592317327042e-13    7    2    6    5
 5.418465060419109e-11    7    2    6    6
 -0.001118929584461355    7    2    7    1
 0.005078271609642322    7    2    7    2
 -4.642616362254401e-12    7    3    3    1
 1.273261789093584e-12    7    3    3    2
 -2.766784190982824e-12    7    3    5    3
 -2.170552765758765e-12    7    3    5    4
 -2.146294855444775e-12    7    3    6    3
 2.715143732256588e-12    7    3    6    4
 0.002919812714379153    7    3    7    3
 -4.642569961341316e-12    7    4    4    1
 1.273251038931461e-12    7    4    4    2
 -2.170549626122783e-12    7    4    5    3
 2.766750264247588e-12    7    4    5    4
 2.715094143537783e-12    7    4    6    3
 2.146164762408072e-12    7    4    6    4
 0.0029198127143791    7    4    7    4
 -2.085008841532175e-15    7    5    2    2
 2.077907238391063e-12    7    5    3    3
 1.688385268932729e-12    7    5    4    3
 -2.081424585029109e-12    7    5    4    4
 9.198972595918057e-12    7    5    5    1
 8.372548063272344e-12    7    5    5    2
 -2.205743684580369e-15    7    5    5    5
 -1.515621951526218e-13    7    5    6    1
 -9.228085230708923e-14    7    5    6    2
 -1.805015656580207e-15    7    5    6    6
 0.004569147390011187    7    5    7    5
 -1.007003758754065e-15    7    6    2    2
 1.838283072582997e-12    7    6    3    3
 -2.400240537103645e-12    7    6    4    3
 -1.840411560747859e-12    7    6    4    4
 -1.515795902370805e-13    7    6    5    1
 -9.229664069553024e-14    7    6    5    2
 1.051172485870668e-11    7    6    6    1
 9.171859479309447e-12    7    6    6    2
 0.004569147390011355    7    6    7    6
 0.2276191704845883    7    7    1    1
 -0.007429835615381823    7    7    2    1
 0.2626566751395263    7    7    2    2
 0.2589665874009707    7    7    3    3
 0.2589665874009703    7    7    4    4
 0.2567537497148087    7    7    5    5
 0.2567537497148083    7    7    6    6
 -5.620059012361365e-11    7    7    7    1
 3.911759244193075e-12    7    7    7    2
 0.2268896335917774    7    7    7    7
 -1.779113565778812e-15    8    1    3    2
 4.644160925272281e-12    8    1    3    3
 1.706324952243079e-15    8    1    4    2
 2.449899022176446e-12    8    1    4    3
 -4.641664800608199e-12    8    1    4    4
 4.680663375888862e-12    8    1    5    1
 1.20088187203125e-11    8    1    5    2
 1.217259420847563e-15    8    1    5    5
 9.497758962639423e-13    8    1    6    1
 2.510714383673064e-12    8    1    6    2
 2.118352984773017e-15    8    1    6    6
 0.002627196939170396    8    1    7    5
 0.0005503186283170152    8    1    7    6
 0.007082760567941587    8    1    8    1
 -2.127846524949848e-15    8    2    2    1
 -2.021131575685648e-15    8    2    3    1
 1.056944454998456e-11    8    2    3    3
 1.93717600012467e-15    8    2    4    1
 5.36157688392182e-12    8    2    4    3
 -1.056660289891497e-11    8    2    4    4
 1.330353183105946e-11    8    2    5    1
 3.350404874491247e-11    8    2    5    2
 -1.777087414868033e-15    8    2    5    4
 -3.369595659820561e-15    8    2    5    5
 2.773509466291714e-12    8    2    6    1
 7.021709824199409e-12    8    2    6    2
 -1.624441821559652e-15    8    2    6    3
 0.002145352472087517    8    2    7    5
 0.0004493867254841426    8    2    7    6
 0.009593840237048552    8    2    8    1
 0.01943098129799777    8    2    8    2
 -2.178158731929786e-15    8    3    2    1
 1.736468906564321e-15    8    3    2    2
 5.155902234432721e-12    8    3    3    1
 -2.644185198745311e-12    8    3    3    2
 2.745875912707591e-12    8    3    4    1
 -1.370804410062907e-12    8    3    4    2
 1.371511225429638e-15    8    3    4    4
 2.130163028421231e-11    8    3    5    3
 1.814331567839115e-12    8    3    5    4
 -4.833385869096509e-15    8    3    5    5
 1.444385443573462e-15    8    3    6    2
 4.426400447909157e-12    8    3    6    3
 -9.47320703206096e-12    8    3    6    4
 -3.066746890379856e-15    8    3    6    5
 -1.118372524282562e-15    8    3    6    6
 1.597315243754512e-05    8    3    7    3
 7.925117860365357e-06    8    3    7    4
 0.01365031138131355    8    3    8    3
 2.114618616141324e-15    8    4    2    1
 -1.819162565319723e-15    8    4    2    2
 2.746005325912753e-12    8    4    3    1
 -1.370587633786353e-12    8    4    3    2
 -1.169433443212045e-15    8    4    3    3
 -5.155916318327673e-12    8    4    4    1
 2.643788527835859e-12    8    4    4    2
 1.574663570693205e-15    8    4    5    2
 -1.812322097892359e-12    8    4    5    3
 2.130178045399955e-11    8    4    5    4
 6.100226113250732e-15    8    4    5    5
 9.474146101975595e-12    8    4    6    3
 4.426655840042165e-12    8    4    6    4
 -1.661414892124058e-15    8    4    6    5
 7.925117860558708e-06    8    4    7    3
 -1.597315243748005e-05    8    4    7    4
 0.01365031138131363    8    4    8    4
 9.763154158755045e-11    8    5    1    1
 -1.490340547796993e-11    8    5    2    1
 3.805120681421243e-10    8    5    2    2
 2.959720406255666e-15    8    5    3    2
 3.457305584892491e-10    8    5    3    3
 1.37044530514751e-15    8    5    4    2
 1.540340742864993e-14    8    5    4    3
 3.457304312511613e-10    8    5    4    4
 3.157263617304894e-15    8    5    5    1
 -2.432557681153101e-14    8    5    5    2
 -3.758070699986887e-14    8    5    5    3
 4.770884665660708e-14    8    5    5    4
 5.721414255388522e-10    8    5    5    5
 5.444300569696729e-15    8    5    6    2
 -3.623480598708317e-14    8    5    6    3
 -3.27056689555267e-14    8    5    6    4
 -2.587918712638761e-12    8    5    6    5
 5.889410455357939e-10    8    5    6    6
 0.04218371988623121    8    5    7    1
 0.009100289634090482    8    5    7    2
 -1.303592443196049e-15    8    5    7    3
 3.393610332420464e-15    8    5    7    6
 -7.747002515987655e-11    8    5    7    7
 2.612945404782238e-15    8    5    8    2
 4.909590365036165e-15    8    5    8    3
 0.2209160376726717    8    5    8    5
 2.045893899984193e-11    8    6    1    1
 -3.124904327807147e-12    8    6    2    1
 7.978926076698306e-11    8    6    2    2
 7.248286166249498e-11    8    6    3    3
 3.019342168777773e-15    8    6    4    3
 7.248203689388736e-11    8    6    4    4
 -4.492075150098376e-15    8    6    5    2
 -8.78364941708072e-15    8    6    5    3
 8.401122711394645e-15    8    6    5    4
 1.114830360448999e-10    8    6    5    5
 1.723360805348137e-15    8    6    6    2
 -7.749758624334533e-15    8    6    6    3
 -7.400218956954313e-15    8    6    6    4
 1.966863648435291e-11    8    6    6    5
 1.322859214121662e-10    8    6    6    6
 0.00883621875428593    8    6    7    1
 0.001906236580155915    8    6    7    2
 -1.621017632171118e-11    8    6    7    7
 1.052930954462659e-15    8    6    8    3
 0.04464960772532514    8    6    8    5
 0.01711352120656164    8    6    8    6
 1.029592617099278e-15    8    7    2    2
 0.0009995810472379202    8    7    3    3
 0.0004959445320158732    8    7    4    3
 -0.0009995810472359652    8    7    4    4
 0.002688174292590021    8    7    5    1
 0.001388856972676625    8    7    5    2
 0.0005630915472375422    8    7    6    1
 0.0002909237037910429    8    7    6    2
 1.000207886759983e-15    8    7    6    6
 -3.912181063431734e-12    8    7    7    5
 -8.204072902686502e-13    8    7    7    6
 -2.681199513073526e-12    8    7    8    1
 8.646224547930957e-13    8    7    8    2
 0.00169207451852739    8    7    8    7
 0.3369639561555058    8    8    1    1
 -0.02038740377037682    8    8    2    1
 0.5390352357896716    8    8    2    2
 0.5212791319865286    8    8    3    3
 0.5212791319865274    8    8    4    4
 0.528974504048406    8    8    5    5
 0.003182122770745917    8    8    6    5
 0.5144497487051602    8    8    6    6
 -1.444892283178266e-10    8    8    7    1
 6.339438223196122e-12    8    8    7    2
 -1.903013961267489e-15    8    8    7    5
 -1.246072846692756e-15    8    8    7    6
 0.2658230015423741    8    8    7    7
 4.122075143133188e-15    8    8    8    1
 -7.142631064719934e-10    8    8    8    5
 -1.494681773479645e-10    8    8    8    6
 1.24177807340958e-15    8    8    8    7
 0.6191820074027921    8    8    8    8
 1.20272333382586e-15    9    1    3    2
 -1.595544805271564e-12    9    1    3    3
 1.920174840143245e-15    9    1    4    2
 3.511650263210514e-12    9    1    4    3
 1.596404159744495e-12    9    1    4    4
 9.431318877159615e-13    9    1    5    1
 2.509682761120442e-12    9    1    5    2
 -4.356041538611014e-12    9    1    6    1
 -1.195835142492498e-11    9    1    6    2
 0.0005503186283170292    9    1    7    5
 -0.002627196939170406    9    1    7    6
 3.804532394902207e-14    9    1    8    7
 0.007082760567941609    9    1    9    1
 -1.026756928206867e-15    9    2    2    1
 1.300546270108313e-15    9    2    3    1
 -4.670804230636658e-12    9    2    3    3
 2.101714664778491e-15    9    2    4    1
 9.653857517855921e-12    9    2    4    3
 4.672245897055947e-12    9    2    4    4
 2.770660462223509e-12    9    2    5    1
 7.022502031489091e-12    9    2    5    2
 1.820034747087427e-15    9    2    5    3
 -1.212772936913922e-15    9    2    5    5
 -1.316415693082463e-11    9    2    6    1
 -3.354242052706729e-11    9    2    6    2
 -1.667654043883137e-15    9    2    6    4
 1.50003503698722e-15    9    2    6    5
 -1.409907320177466e-15    9    2    6    6
 0.0004493867254841528    9    2    7    5
 -0.002145352472087619    9    2    7    6
 3.103117297204586e-15    9    2    8    5
 2.029988040797483e-14    9    2    8    7
 0.009593840237048521    9    2    9    1
 0.01943098129799802    9    2    9    2
 1.451792914830257e-15    9    3    2    1
 -1.14161012155287e-15    9    3    2    2
 -1.649165570753161e-12    9    3    3    1
 1.026779948618006e-12    9    3    3    2
 3.703640145165436e-12    9    3    4    1
 -2.188508804948604e-12    9    3    4    2
 -1.271558136404411e-15    9    3    4    4
 -1.274815950963968e-15    9    3    5    2
 4.418728714271866e-12    9    3    5    3
 -7.662604841259479e-12    9    3    5    4
 -1.304776294251599e-15    9    3    5    5
 -2.092574271088968e-11    9    3    6    3
 -1.777301133939798e-12    9    3    6    4
 1.85719939637197e-15    9    3    6    5
 4.828994217548279e-15    9    3    6    6
 -7.925117860640775e-06    9    3    7    3
 1.597315243749531e-05    9    3    7    4
 -0.005845079309769419    9    3    8    4
 3.812921035116452e-15    9    3    8    5
 2.84900507733843e-15    9    3    8    8
 0.0136503113813137    9    3    9    3
 2.329930747429017e-15    9    4    2    1
 -1.736346946326356e-15    9    4    2    2
 3.703700943981495e-12    9    4    3    1
 -2.189067649368746e-12    9    4    3    2
 -1.456089128717314e-15    9    4    3    3
 1.650293168899727e-12    9    4    4    1
 -1.027403158318773e-12    9    4    4    2
 7.663236097150379e-12    9    4    5    3
 4.418946777925077e-12    9    4    5    4
 1.288685470172669e-15    9    4    5    5
 1.144332019625206e-15    9    4    6    2
 1.77525803325987e-12    9    4    6    3
 -2.092558587696571e-11    9    4    6    4
 -3.420287956156418e-15    9    4    6    5
 4.612129803936486e-15    9    4    6    6
 1.597315243752766e-05    9    4    7    3
 7.925117860281228e-06    9    4    7    4
 0.0058450793097693    9    4    8    3
 -3.928701406962832e-15    9    4    8    5
 3.766655585139331e-15    9    4    8    8
 0.01365031138131355    9    4    9    4
 2.046077301049168e-11    9    5    1    1
 -3.125580177686666e-12    9    5    2    1
 7.980747940844385e-11    9    5    2    2
 7.249652858950873e-11    9    5    3    3
 2.911002837004171e-15    9    5    4    3
 7.249567320511105e-11    9    5    4    4
 -4.947416041507747e-15    9    5    5    2
 -7.715780637042734e-15    9    5    5    3
 1.004753879758858e-14    9    5    5    4
 1.199473242326452e-10    9    5    5    5
 2.633000227912743e-15    9    5    6    2
 -6.068861042302542e-15    9    5    6    3
 -8.869363214690075e-15    9    5    6    4
 -2.045081706960344e-11    9    5    6    5
 1.239425748374097e-10    9    5    6    6
 0.00883621875428601    9    5    7    1
 0.001906236580155929    9    5    7    2
 -1.62063038459046e-11    9    5    7    7
 1.180461436067205e-15    9    5    8    3
 0.04464960772532538    9    5    8    5
 0.001591974762882476    9    5    8    6
 -1.390078121414661e-10    9    5    8    8
 0.01711352120656183    9    5    9    5
 -9.771758429532051e-11    9    6    1    1
 1.493609225061971e-11    9    6    2    1
 -3.813958288193137e-10    9    6    2    2
 -2.947408828189438e-15    9    6    3    2
 -3.463910280173375e-10    9    6    3    3
 -1.348096554591675e-15    9    6    4    2
 -1.541380089421445e-14    9    6    4    3
 -3.463906735619788e-10    9    6    4    4
 -3.092129225143182e-15    9    6    5    1
 2.34159373888964e-14    9    6    5    2
 3.58972482667361e-14    9    6    5    3
 -4.623605171810059e-14    9    6    5    4
 -5.349706444770325e-10    9    6    5    5
 -5.899641461042479e-15    9    6    6    2
 3.730632544790504e-14    9    6    6    3
 3.435464619268592e-14    9    6    6    4
 1.099172244924357e-11    9    6    6    5
 -6.320090847248371e-10    9    6    6    6
 -0.04218371988623105    9    6    7    1
 -0.009100289634090514    9    6    7    2
 1.321364665437135e-15    9    6    7    3
 -3.542560961360768e-15    9    6    7    6
 7.728469738626713e-11    9    6    7    7
 -2.356629996782247e-15    9    6    8    2
 -4.563693597131933e-15    9    6    8    3
 -0.2053944912289914    9    6    8    5
 -0.044649607725325    9    6    8    6
 6.653967111346742e-10    9    6    8    8
 -3.329064472326377e-15    9    6    9    2
 -3.940595538115564e-15    9    6    9    3
 4.208267653877299e-15    9    6    9    4
 -0.04464960772532525    9    6    9    5
 0.2209160376726703    9    6    9    6
 -1.619246723180407e-15    9    7    1    1
 -4.093898520306962e-15    9    7    2    2
 -0.0004959445320197553    9    7    3    3
 0.0009995810472369492    9    7    4    3
 0.0004959445320119757    9    7    4    4
 0.0005630915472375624    9    7    5    1
 0.0002909237037910567    9    7    5    2
 -3.830519986110936e-15    9    7    5    5
 -0.002688174292590015    9    7    6    1
 -0.001388856972676728    9    7    6    2
 -4.089655011858909e-15    9    7    6    6
 -8.206079162418298e-13    9    7    7    5
 3.921908566890145e-12    9    7    7    6
 3.804575020376862e-14    9    7    8    1
 2.030147790499281e-14    9    7    8    2
 1.626387556839688e-15    9    7    8    5
 -4.971863203071858e-15    9    7    8    8
 -3.085516014862514e-12    9    7    9    1
 6.488832570160459e-13    9    7    9    2
 -1.727216803242911e-15    9    7    9    6
 0.001692074518527511    9    7    9    7
 0.003182122770746209    9    8    5    5
 -0.007262377671621243    9    8    6    5
 -0.003182122770745453    9    8    6    6
 1.293913597421684e-12    9    8    7    1
 2.82178992079393e-13    9    8    7    2
 -1.105531258892329e-15    9    8    8    3
 -1.407364333625025e-15    9    8    8    4
 2.054273779144895e-12    9    8    8    5
 2.516982671449137e-11    9    8    8    6
 1.406132715229327e-15    9    8    9    3
 -1.095310238771093e-15    9    8    9    4
 -2.488234891248445e-11    9    8    9    5
 -1.253869972720785e-11    9    8    9    6
 0.01090598023363993    9    8    9    8
 0.3369639561555066    9    9    1    1
 -0.0203874037703769    9    9    2    1
 0.5390352357896725    9    9    2    2
 0.5212791319865294    9    9    3    3
 0.5212791319865286    9    9    4    4
 0.514449748705164    9    9    5    5
 -0.003182122770745759    9    9    6    5
 0.5289745040484046    9    9    6    6
 -1.582391163356643e-10    9    9    7    1
 3.340820776297879e-12    9    9    7    2
 -1.992210363904497e-15    9    9    7    5
 -1.475311701395052e-15    9    9    7    6
 0.2658230015423754    9    9    7    7
 2.739577069925939e-15    9    9    8    1
 -3.719604779446369e-15    9    9    8    3
 2.787087236610515e-15    9    9    8    4
 -7.386905756418023e-10    9    9    8    5
 -1.55106186577451e-10    9    9    8    6
 1.176268005264673e-15    9    9    8    7
 0.5973700469355129    9    9    8    8
 1.166067340200797e-15    9    9    9    1
 -1.656146858435477e-10    9    9    9    5
 7.899286212937922e-10    9    9    9    6
 -5.247634502897116e-15    9    9    9    7
 0.6191820074027951    9    9    9    9
 4.017314903781629e-12   10    1    3    1
 -4.627471812071227e-12   10    1    3    2
 -1.95471214512882e-12   10    1    4    1
 2.251188965361208e-12   10    1    4    2
 1.220932779747394e-15   10    1    4    4
 2.141344037375404e-15   10    1    5    2
 5.405023182062006e-12   10    1    5    3
 1.146972853532824e-11   10    1    5    4
 1.275982405887393e-15   10    1    5    5
 1.239421806117402e-11   10    1    6    3
 -6.148361809816505e-12   10    1    6    4
 -2.368860345289444e-15   10    1    6    5
 0.0008686615969772131   10    1    7    3
 -0.000422691496042421   10    1    7    4
 0.005436889664794257   10    1    8    3
 0.007043658972415212   10    1    8    4
 -0.007043658972415269   10    1    9    3
 0.005436889664794374   10    1    9    4
 -2.852174410743121e-15   10    1    9    8
 0.009820589739889196   10    1   10    1
 -3.191348789713514e-12   10    2    3    1
 1.332338365095418e-11   10    2    3    2
 1.839251267347631e-15   10    2    3    3
 1.552226476020948e-12   10    2    4    1
 -6.482826196291899e-12   10    2    4    2
 -2.224010347067676e-15   10    2    4    4
 2.393059240545236e-15   10    2    5    1
 1.257276903465333e-15   10    2    5    2
 -1.589124398401052e-12   10    2    5    3
 -3.371964149214027e-12   10    2    5    4
 -3.651724033001672e-12   10    2    6    3
 1.813043457005561e-12   10    2    6    4
 0.0002994318734173723   10    2    7    3
 -0.0001457038125986016   10    2    7    4
 -0.001682785660990437   10    2    8    3
 -0.002180100949342378   10    2    8    4
 2.992557823911543e-15   10    2    8    5
 0.002180100949342469   10    2    9    3
 -0.001682785660990608   10    2    9    4
 -3.037097885653486e-15   10    2    9    6
 -0.005522050782112446   10    2   10    1
 0.01000223861459267   10    2   10    2
 8.759963868439653e-11   10    3    1    1
 -3.354995948293386e-11   10    3    2    1
 3.53234480290173e-10   10    3    2    2
 -1.264622377293069e-15   10    3    3    1
 1.825632884368206e-15   10    3    3    2
 3.478229824327183e-10   10    3    3    3
 -1.016977256206132e-11   10    3    4    3
 3.059626781156373e-10   10    3    4    4
 5.983760240291533e-12   10    3    5    1
 7.606119524690756e-12   10    3    5    2
 -3.354164541546373e-14   10    3    5    3
 4.078895504804381e-14   10    3    5    4
 4.499527053153531e-10   10    3    5    5
 1.35505642335378e-11   10    3    6    1
 1.688115316281034e-11   10    3    6    2
 -3.302431529850241e-14   10    3    6    3
 -2.808011967694237e-14   10    3    6    4
 -5.354143301334492e-12   10    3    6    5
 4.96322924000481e-10   10    3    6    6
 0.03560533035417986   10    3    7    1
 0.0075628600969487   10    3    7    2
 -1.275979465188507e-15   10    3    7    3
 0.0005818176532323801   10    3    7    5
 0.00120176459458426   10    3    7    6
 -6.674663137399797e-11   10    3    7    7
 0.005001263932047838   10    3    8    1
 0.004967795456869481   10    3    8    2
 4.257104075230906e-15   10    3    8    3
 0.1737146566472165   10    3    8    5
 0.03638798833057628   10    3    8    6
 3.909288531099799e-13   10    3    8    7
 -5.62569892344399e-10   10    3    8    8
 -0.006479292341813772   10    3    9    1
 -0.00643593289550299   10    3    9    2
 3.673278652437474e-15   10    3    9    3
 -3.381691609016888e-15   10    3    9    4
 0.03638798833057645   10    3    9    5
 -0.1737146566472156   10    3    9    6
 -4.8888581972509e-13   10    3    9    7
 5.73838678267825e-12   10    3    9    8
 -6.235528108410125e-10   10    3    9    9
 3.066907488989914e-15   10    3   10    2
 0.1795240194080795   10    3   10    3
 -4.262594697348982e-11   10    4    1    1
 1.632503536018212e-11   10    4    2    1
 -1.718851124506774e-10   10    4    2    2
 -1.676994195723508e-15   10    4    3    2
 -1.488804819212878e-10   10    4    3    3
 1.438380951140547e-15   10    4    4    1
 2.092222863769922e-11   10    4    4    3
 -1.692507149829029e-10   10    4    4    4
 1.264900385120388e-11   10    4    5    1
 1.604315448733686e-11   10    4    5    2
 1.764784918108067e-14   10    4    5    3
 -2.099444589851303e-14   10    4    5    4
 -2.18948186770227e-10   10    4    5    5
 -6.704164858483255e-12   10    4    6    1
 -8.307668612743014e-12   10    4    6    2
 1.367258374714835e-14   10    4    6    3
 1.438963797622971e-14   10    4    6    4
 2.605472889482019e-12   10    4    6    5
 -2.415110765013117e-10   10    4    6    6
 -0.01732558502282609   10    4    7    1
 -0.003680094365703353   10    4    7    2
 0.001201764594581424   10    4    7    5
 -0.0005818176532339161   10    4    7    6
 3.247902089220628e-11   10    4    7    7
 0.006479292341814198   10    4    8    1
 0.006435932895504798   10    4    8    2
 -2.218466849921267e-15   10    4    8    3
 -0.08452970449968225   10    4    8    5
 -0.01770642708155614   10    4    8    6
 5.102728683767402e-13   10    4    8    7
 2.737484053139472e-10   10    4    8    8
 0.005001263932048344   10    4    9    1
 0.00496779545686576   10    4    9    2
 -2.031647141047887e-15   10    4    9    3
 1.674776973067836e-15   10    4    9    4
 -0.01770642708155611   10    4    9    5
 0.08452970449968192   10    4    9    6
 3.803529787183872e-13   10    4    9    7
 -2.791905133976321e-12   10    4    9    8
 3.034217886719287e-10   10    4    9    9
 -1.376523857716055e-15   10    4   10    2
 -0.08066543381294762   10    4   10    3
 0.05300258946127128   10    4   10    4
 3.069526567016711e-15   10    5    2    1
 -4.177008221102144e-15   10    5    2    2
 6.932283420489179e-12   10    5    3    1
 -2.616394679330658e-12   10    5    3    2
 -5.889828781118667e-15   10    5    3    3
 1.473299282119436e-11   10    5    4    1
 -5.54085848810148e-12   10    5    4    2
 4.664911418850368e-15   10    5    4    3
 -3.67468183204885e-15   10    5    4    4
 1.235381109351198e-15   10    5    5    1
 3.087157076009132e-11   10    5    5    3
 -1.504616855529937e-11   10    5    5    4
 -1.879867787037335e-15   10    5    5    5
 -2.504304675320312e-15   10    5    6    1
 -7.227275213145118e-12   10    5    6    3
 -1.386986747081788e-11   10    5    6    4
 1.253425755715021e-15   10    5    6    6
 -1.096452179028353e-15   10    5    7    1
 0.000131807610777663   10    5    7    3
 0.0002722532034717586   10    5    7    4
 0.01143056494091188   10    5    8    3
 -0.00688575439479609   10    5    8    4
 -5.499930277470321e-15   10    5    8    5
 6.697883511038615e-15   10    5    8    8
 0.004989586215018612   10    5    9    3
 0.003891021343628614   10    5    9    4
 -1.061111159585827e-15   10    5    9    5
 5.437406218666297e-15   10    5    9    6
 -2.561029042401932e-15   10    5    9    9
 -1.846367878912441e-05   10    5   10    1
 5.488036000622024e-06   10    5   10    2
 -4.917103955398669e-15   10    5   10    3
 2.319377075024086e-15   10    5   10    4
 0.0140660095331149   10    5   10    5
 1.107333984192163e-15   10    6    2    1
 -1.529472177154052e-15   10    6    2    2
 1.598516591786386e-11   10    6    3    1
 -5.962334559660491e-12   10    6    3    2
 -5.752429678036032e-15   10    6    3    3
 -7.93924105614565e-12   10    6    4    1
 2.953620085652397e-12   10    6    4    2
 -1.147876788391646e-15   10    6    4    3
 2.648762062064203e-15   10    6    4    4
 -2.551929677014918e-15   10    6    5    1
 6.537662605284609e-12   10    6    5    3
 1.441652702821037e-11   10    6    5    4
 3.423798684171588e-11   10    6    6    3
 -1.663591045709204e-11   10    6    6    4
 -1.566844087256643e-15   10    6    6    5
 0.000272253203472051   10    6    7    3
 -0.0001318076107778204   10    6    7    4
 0.004989586215018571   10    6    8    3
 0.003891021343628645   10    6    8    4
 3.83408540633652e-15   10    6    8    5
 -0.01143056494091189   10    6    9    3
 0.00688575439479606   10    6    9    4
 -3.903404535311383e-15   10    6    9    6
 -4.630253009330729e-15   10    6    9    8
 0.009255841551896899   10    6   10    1
 -0.002751152261321888   10    6   10    2
 3.572935852619017e-15   10    6   10    3
 -1.715007187906134e-15   10    6   10    4
 0.01406600953311477   10    6   10    6
 -1.108801714565427e-15   10    7    2    2
 0.0008322162906830694   10    7    3    1
 0.000104213062654102   10    7    3    2
 -1.157607416318857e-15   10    7    3    3
 -0.0004049571779894521   10    7    4    1
 -5.071016781875526e-05   10    7    4    2
 -3.133889608811182e-06   10    7    5    3
 -6.473157963252839e-06   10    7    5    4
 -6.473157963124062e-06   10    7    6    3
 3.133889608741518e-06   10    7    6    4
 -2.249977942631649e-12   10    7    7    3
 1.094866117100034e-12   10    7    7    4
 1.085806440873407e-12   10    7    8    3
 1.393476656946305e-12   10    7    8    4
 -1.223037320032828e-15   10    7    8    8
 -1.471179696375861e-12   10    7    9    3
 1.125433115613861e-12   10    7    9    4
 -1.176800754607998e-15   10    7    9    9
 1.841440799074621e-13   10    7   10    1
 -1.072226508430102e-13   10    7   10    2
 7.633204398448503e-15   10    7   10    5
 9.001766212760425e-13   10    7   10    6
 0.002056326349348482   10    7   10    7
 0.007470491682233775   10    8    3    1
 -0.002551212001225562   10    8    3    2
 0.009678253378333088   10    8    4    1
 -0.003305174173264485   10    8    4    2
 0.01435097788213846   10    8    5    3
 -0.005301881470507934   10    8    5    4
 -0.0002904389117651714   10    8    6    3
 -0.007885205480601008   10    8    6    4
 1.389847654500014e-14   10    8    7    1
 3.055036623162649e-15   10    8    7    2
 -6.178973421190435e-13   10    8    7    3
 -8.030004543990864e-13   10    8    7    4
 -3.864212281228551e-11   10    8    8    3
 1.881735794211985e-11   10    8    8    4
 7.432496775843246e-14   10    8    8    5
 1.572364410974953e-14   10    8    8    6
 -2.996130722573425e-15   10    8    9    1
 -8.348915983187247e-12   10    8    9    3
 -1.819214188080164e-11   10    8    9    4
 1.498781680419085e-14   10    8    9    5
 -7.209877904858781e-14   10    8    9    6
 -6.299505467455706e-12   10    8   10    1
 1.725552462700556e-12   10    8   10    2
 6.658590626411326e-14   10    8   10    3
 -3.251525193053963e-14   10    8   10    4
 -2.864231809069669e-11   10    8   10    5
 -5.982188149161195e-12   10    8   10    6
 -0.0001801174528597989   10    8   10    7
 0.02035818037432608   10    8   10    8
 -0.00967825337833314   10    9    3    1
 0.003305174173264607   10    9    3    2
 0.007470491682233947   10    9    4    1
 -0.002551212001225759   10    9    4    2
 1.284479198936114e-15   10    9    4    4
 -0.0002904389117651596   10    9    5    3
 -0.007885205480601105   10    9    5    4
 -0.01435097788213849   10    9    6    3
 0.005301881470507908   10    9    6    4
 -1.627558238421724e-15   10    9    7    1
 7.883686558855113e-13   10    9    7    3
 -6.104031917319472e-13   10    9    7    4
 -2.958150212210737e-15   10    9    8    1
 9.101510815116677e-12   10    9    8    3
 1.767143583276701e-11   10    9    8    4
 -7.981522181988805e-15   10    9    8    5
 -4.45240994553805e-15   10    9    8    6
 -4.297283245095324e-11   10    9    9    3
 2.089613416759116e-11   10    9    9    4
 -2.224421957941075e-15   10    9    9    5
 8.715830681922166e-15   10    9    9    6
 3.123181051938855e-11   10    9   10    1
 -8.584614566032716e-12   10    9   10    2
 -8.232814929202329e-15   10    9   10    3
 2.996364033970371e-15   10    9   10    4
 -5.978451380423143e-12   10    9   10    5
 2.845532739240277e-11   10    9   10    6
 0.0008685029890385465   10    9   10    7
 0.02035818037432635   10    9   10    9
 0.3435973998355247   10   10    1    1
 -0.04239951765734055   10   10    2    1
 0.5641145094407279   10   10    2    2
 0.5546523539494772   10   10    3    3
 1.226538167971078e-15   10   10    4    1
 -1.27109338294515e-15   10   10    4    2
 -0.01234021041905485   10   10    4    3
 0.5352970862187678   10   10    4    4
 -2.070985360533803e-05   10   10    5    1
 -1.739482187442938e-05   10   10    5    2
 0.5090294041393408   10   10    5    5
 0.01038184891127586   10   10    6    1
 0.008720023616598328   10   10    6    2
 0.5090294041393382   10   10    6    6
 -1.000265972468696e-10   10   10    7    1
 1.743929228844884e-11   10   10    7    2
 -1.5750756773381e-14   10   10    7    5
 -1.116200084508296e-12   10   10    7    6
 0.2682472442681388   10   10    7    7
 -5.672636650361e-12   10   10    8    1
 -4.53457872531047e-12   10   10    8    2
 8.608088362937935e-15   10   10    8    3
 -3.823058442129282e-15   10   10    8    4
 -4.22140142550857e-10   10   10    8    5
 -8.829977803989927e-11   10   10    8    6
 2.70686504801683e-06   10   10    8    7
 0.590922426079703   10   10    8    8
 2.818158495346502e-11   10   10    9    1
 2.266433474574585e-11   10   10    9    2
 3.006145749163838e-15   10   10    9    4
 -8.827243808520799e-11   10   10    9    5
 4.208133670771268e-10   10   10    9    6
 -1.305215206877004e-05   10   10    9    7
 0.5909224260797038   10   10    9    9
 1.881142067073072e-15   10   10   10    1
 -4.278015176432095e-10   10   10   10    3
 2.081690567415987e-10   10   10   10    4
 -3.316381016411016e-15   10   10   10    5
 -1.235565075711418e-15   10   10   10    6
 -1.376953604208484e-15   10   10   10    7
 0.6427447633955906   10   10   10   10
 -1.065093526452771e-15   11    1    2    2
 1.954729782865576e-12   11    1    3    1
 -2.252087832356485e-12   11    1    3    2
 -1.468391622189976e-15   11    1    3    3
 4.016856835816656e-12   11    1    4    1
 -4.627140108557375e-12   11    1    4    2
 1.146888380432661e-11   11    1    5    3
 -5.403667950522027e-12   11    1    5    4
 -3.51246830498644e-15   11    1    5    5
 1.838245099318462e-15   11    1    6    2
 -6.149115300061122e-12   11    1    6    3
 -1.239368230473628e-11   11    1    6    4
 -1.046552072015822e-15   11    1    6    5
 1.224931645618949e-15   11    1    6    6
 0.0004226914960422758   11    1    7    3
 0.0008686615969769357   11    1    7    4
 0.007043658972415152   11    1    8    3
 -0.005436889664794422   11    1    8    4
 1.746781437695594e-15   11    1    8    8
 0.005436889664794328   11    1    9    3
 0.007043658972415101   11    1    9    4
 -3.955970585899058e-15   11    1    9    9
 0.009255841551896946   11    1   10    5
 1.846367878911663e-05   11    1   10    6
 -2.965381349651094e-11   11    1   10    8
 -6.328205333052304e-12   11    1   10    9
 3.316775916723244e-15   11    1   10   10
 0.009820589739889193   11    1   11    1
 -1.553354628257928e-12   11    2    3    1
 6.48338703774272e-12   11    2    3    2
 -3.190937454179238e-12   11    2    4    1
 1.332314969928124e-11   11    2    4    2
 -1.594687769841168e-15   11    2    4    3
 -1.043822514321043e-15   11    2    5    1
 -3.37290099081481e-12   11    2    5    3
 1.586604183054262e-12   11    2    5    4
 1.945594933249889e-15   11    2    6    1
 1.034132140003867e-15   11    2    6    2
 1.812905997377547e-12   11    2    6    3
 3.652382925995764e-12   11    2    6    4
 1.294694410023055e-15   11    2    7    1
 0.0001457038125986459   11    2    7    3
 0.0002994318734174616   11    2    7    4
 -0.002180100949342275   11    2    8    3
 0.00168278566099064   11    2    8    4
 6.434503613407243e-15   11    2    8    5
 1.357270800432845e-15   11    2    8    6
 -1.274836978280737e-15   11    2    8    8
 -0.001682785660990479   11    2    9    3
 -0.002180100949342192   11    2    9    4
 1.313133805385271e-15   11    2    9    5
 -6.482814750718532e-15   11    2    9    6
 5.583541894370364e-15   11    2   10    3
 -2.545766478321098e-15   11    2   10    4
 -0.002751152261321885   11    2   10    5
 -5.488036000639775e-06   11    2   10    6
 8.101573625518975e-12   11    2   10    8
 1.735170863714473e-12   11    2   10    9
 -0.005522050782112428   11    2   11    1
 0.01000223861459265   11    2   11    2
 4.262617904540008e-11   11    3    1    1
 -1.632577653133323e-11   11    3    2    1
 1.718837965243693e-10   11    3    2    2
 1.130303424282543e-15   11    3    3    2
 1.692509528934574e-10   11    3    3    3
 1.962015130458587e-15   11    3    4    2
 2.093653825692085e-11   11    3    4    3
 1.488847925155015e-10   11    3    4    4
 1.265122644888831e-11   11    3    5    1
 1.602204184150403e-11   11    3    5    2
 -1.59505078522727e-14   11    3    5    3
 1.778514102675975e-14   11    3    5    4
 2.189473322702587e-10   11    3    5    5
 -6.704976940424058e-12   11    3    6    1
 -8.303557216321058e-12   11    3    6    2
 -1.64903255146585e-14   11    3    6    3
 -1.552866694039744e-14   11    3    6    4
 -2.604862972790335e-12   11    3    6    5
 2.415114436154564e-10   11    3    6    6
 0.01732558502282602   11    3    7    1
 0.003680094365703222   11    3    7    2
 0.001201764594581311   11    3    7    5
 -0.0005818176532311242   11    3    7    6
 -3.247892328688816e-11   11    3    7    7
 0.006479292341813647   11    3    8    1
 0.00643593289550704   11    3    8    2
 2.128772198089369e-15   11    3    8    3
 0.0845297044996824   11    3    8    5
 0.01770642708155607   11    3    8    6
 5.0999587135615e-13   11    3    8    7
 -2.737455536638731e-10   11    3    8    8
 0.005001263932048554   11    3    9    1
 0.004967795456868549   11    3    9    2
 1.554525491705295e-15   11    3    9    3
 -1.59775333009758e-15   11    3    9    4
 0.01770642708155632   11    3    9    5
 -0.08452970449968199   11    3    9    6
 3.817542259204811e-13   11    3    9    7
 2.792885336837464e-12   11    3    9    8
 -3.034198817096559e-10   11    3    9    9
 1.665912321898388e-15   11    3   10    2
 0.08066543381294772   11    3   10    3
 -0.02550115242384277   11    3   10    4
 -2.088404399992013e-15   11    3   10    5
 1.525811086901328e-15   11    3   10    6
 2.912283850436543e-14   11    3   10    8
 -6.63746048777699e-15   11    3   10    9
 -1.827171533907332e-10   11    3   10   10
 3.021945891884134e-15   11    3   11    2
 0.05300258946127138   11    3   11    3
 8.759964757731339e-11   11    4    1    1
 -3.354989238544359e-11   11    4    2    1
 3.532355953636158e-10   11    4    2    2
 3.681214311495573e-15   11    4    3    2
 3.059658139862515e-10   11    4    3    3
 1.52205721856465e-15   11    4    4    2
 1.019904074426664e-11   11    4    4    3
 3.478229976815461e-10   11    4    4    4
 -5.976187608570891e-12   11    4    5    1
 -7.647168722709857e-12   11    4    5    2
 -3.032739175481487e-14   11    4    5    3
 4.23279957376833e-14   11    4    5    4
 4.499542493740299e-10   11    4    5    5
 -1.354977262035042e-11   11    4    6    1
 -1.687079859789829e-11   11    4    6    2
 -3.204353229517694e-14   11    4    6    3
 -3.090280293815375e-14   11    4    6    4
 -5.353517164574817e-12   11    4    6    5
 4.963231962719053e-10   11    4    6    6
 0.03560533035417951   11    4    7    1
 0.007562860096948422   11    4    7    2
 -1.167760734786154e-15   11    4    7    3
 -0.0005818176532326239   11    4    7    5
 -0.00120176459457852   11    4    7    6
 -6.674636743476994e-11   11    4    7    7
 -0.005001263932048994   11    4    8    1
 -0.0049677954568649   11    4    8    2
 4.368392025618601e-15   11    4    8    3
 0.1737146566472157   11    4    8    5
 0.03638798833057597   11    4    8    6
 -3.913976894937072e-13   11    4    8    7
 -5.625697667422812e-10   11    4    8    8
 0.006479292341814161   11    4    9    1
 0.006435932895508681   11    4    9    2
 3.200388904382951e-15   11    4    9    3
 -3.922790755682381e-15   11    4    9    4
 0.0363879883305762   11    4    9    5
 -0.1737146566472151   11    4    9    6
 4.917120114311357e-13   11    4    9    7
 5.738854120474363e-12   11    4    9    8
 -6.235507962765349e-10   11    4    9    9
 2.531345608186601e-15   11    4   10    2
 0.1520225823706504   11    4   10    3
 -0.08066543381294738   11    4   10    4
 -4.356247086893086e-15   11    4   10    5
 3.206854469982487e-15   11    4   10    6
 6.294592374926277e-14   11    4   10    8
 -5.958121346621326e-15   11    4   10    9
 -3.754934693495203e-10   11    4   10   10
 6.295555609617474e-15   11    4   11    2
 0.08066543381294737   11    4   11    3
 0.1795240194080782   11    4   11    4
 -1.376646239831449e-15   11    5    2    1
 2.037700553613289e-15   11    5    2    2
 1.473208332517229e-11   11    5    3    1
 -5.541437781252999e-12   11    5    3    2
 -2.380941643769066e-15   11    5    3    3
 -6.930963170067078e-12   11    5    4    1
 2.613795108525983e-12   11    5    4    2
 -1.107223611924565e-15   11    5    4    3
 7.190500945056627e-15   11    5    4    4
 -2.800140644875716e-15   11    5    5    1
 1.504667952642909e-11   11    5    5    3
 3.087122938739284e-11   11    5    5    4
 -1.129270702105079e-15   11    5    6    1
 1.386927510114254e-11   11    5    6    3
 -7.22661912811062e-12   11    5    6    4
 -1.562572924897843e-15   11    5    6    5
 0.0002722532034719357   11    5    7    3
 -0.0001318076107777712   11    5    7    4
 0.006885754394796021   11    5    8    3
 0.01143056494091186   11    5    8    4
 -1.602974756107192e-15   11    5    8    5
 -1.271567001019626e-15   11    5    8    8
 -0.003891021343628703   11    5    9    3
 0.00498958621501866   11    5    9    4
 1.63789592149696e-15   11    5    9    6
 -4.450850411725091e-15   11    5    9    8
 0.00925584155189694   11    5   10    1
 -0.002751152261321896   11    5   10    2
 -1.489320010908081e-15   11    5   10    3
 0.0060328443260312   11    5   10    6
 9.839581926776633e-13   11    5   10    7
 -2.547061351900444e-12   11    5   10    8
 1.337706697143552e-11   11    5   10    9
 2.217702876910315e-15   11    5   10   10
 1.846367878911004e-05   11    5   11    1
 -5.488036000650614e-06   11    5   11    2
 -1.438933478185393e-15   11    5   11    4
 0.01406600953311488   11    5   11    5
 2.554783656296116e-15   11    6    2    1
 -3.657018795110495e-15   11    6    2    2
 -7.940300546737829e-12   11    6    3    1
 2.954751935486219e-12   11    6    3    2
 -2.80901026036263e-15   11    6    3    3
 -1.598444053335948e-11   11    6    4    1
 5.96236297904934e-12   11    6    4    2
 -4.079564290974599e-15   11    6    4    3
 -5.105404402901251e-15   11    6    4    4
 -1.101643514764136e-15   11    6    5    1
 -1.441620003111769e-11   11    6    5    3
 6.536370862288264e-12   11    6    5    4
 1.431737092144402e-15   11    6    5    5
 2.255840060714601e-15   11    6    6    1
 1.663578759770416e-11   11    6    6    3
 3.423791111649548e-11   11    6    6    4
 -1.693014128503386e-15   11    6    6    6
 -0.000131807610777614   11    6    7    3
 -0.0002722532034716417   11    6    7    4
 -0.003891021343628626   11    6    8    3
 0.004989586215018649   11    6    8    4
 -2.432541694035187e-15   11    6    8    5
 -3.031383056326647e-15   11    6    8    8
 -0.006885754394796023   11    6    9    3
 -0.01143056494091177   11    6    9    4
 2.386902386163701e-15   11    6    9    6
 5.868724304370089e-15   11    6    9    9
 1.846367878912918e-05   11    6   10    1
 -5.48803600063633e-06   11    6   10    2
 -1.947957460877143e-15   11    6   10    3
 1.279813705799509e-15   11    6   10    4
 -0.00603284432603121   11    6   10    5
 1.146031021012147e-14   11    6   10    7
 1.11516152027864e-11   11    6   10    8
 2.592688645762963e-12   11    6   10    9
 -4.736629913256138e-15   11    6   10   10
 -0.009255841551896904   11    6   11    1
 0.002751152261321875   11    6   11    2
 -1.094119077652564e-15   11    6   11    3
 -2.265291071786257e-15   11    6   11    4
 0.01406600953311478   11    6   11    6
 0.0004049571779892568   11    7    3    1
 5.071016781881623e-05   11    7    3    2
 0.0008322162906827125   11    7    4    1
 0.0001042130626542167   11    7    4    2
 -6.47315796345923e-06   11    7    5    3
 3.133889608885924e-06   11    7    5    4
 3.133889608954096e-06   11    7    6    3
 6.473157963588233e-06   11    7    6    4
 -1.094832055791434e-12   11    7    7    3
 -2.249968205236914e-12   11    7    7    4
 1.393637676697762e-12   11    7    8    3
 -1.085905450733257e-12   11    7    8    4
 1.125503895051216e-12   11    7    9    3
 1.47138891028789e-12   11    7    9    4
 9.840445386336087e-13   11    7   10    5
 1.144388758306317e-14   11    7   10    6
 -0.0008685029890389466   11    7   10    8
 -0.0001801174528598831   11    7   10    9
 1.842423158388043e-13   11    7   11    1
 -1.073020218394428e-13   11    7   11    2
 -7.775300305064989e-15   11    7   11    5
 -9.003897869393159e-13   11    7   11    6
 0.002056326349348539   11    7   11    7
 0.009678253378332993   11    8    3    1
 -0.00330517417326439   11    8    3    2
 -0.007470491682234005   11    8    4    1
 0.002551212001225811   11    8    4    2
 0.005301881470507854   11    8    5    3
 0.01435097788213844   11    8    5    4
 0.007885205480601067   11    8    6    3
 -0.0002904389117650642   11    8    6    4
 -3.949778217497011e-15   11    8    7    1
 -8.030234343221682e-13   11    8    7    3
 6.179091545534623e-13   11    8    7    4
 3.022299675260385e-15   11    8    8    1
 -1.881789393670909e-11   11    8    8    3
 -3.8641423222921e-11   11    8    8    4
 -2.110659245287267e-14   11    8    8    5
 -4.569893027142897e-15   11    8    8    6
 1.81922694773372e-11   11    8    9    3
 -8.350261828132175e-12   11    8    9    4
 -6.444026870790573e-15   11    8    9    5
 2.000178977101061e-14   11    8    9    6
 -2.965372467990285e-11   11    8   10    1
 8.101950711574153e-12   11    8   10    2
 -1.605724177323568e-14   11    8   10    3
 1.206472117017112e-14   11    8   10    4
 2.545493700167357e-12   11    8   10    5
 -1.115191316572406e-11   11    8   10    6
 -0.0008685029890386674   11    8   10    7
 -0.009108549768632106   11    8   10    9
 6.29845390661506e-12   11    8   11    1
 -1.726084081886064e-12   11    8   11    2
 -8.516590205915076e-15   11    8   11    3
 -1.927185880245958e-14   11    8   11    4
 -2.864454724462003e-11   11    8   11    5
 -5.982351860532115e-12   11    8   11    6
 0.0001801174528599194   11    8   11    7
 0.02035818037432612   11    8   11    8
 -1.393939956327546e-15   11    9    2    2
 0.007470491682233854   11    9    3    1
 -0.002551212001225625   11    9    3    2
 0.009678253378332946   11    9    4    1
 -0.003305174173264276   11    9    4    2
 -1.090120992439012e-15   11    9    4    4
 0.007885205480601034   11    9    5    3
 -0.0002904389117650686   11    9    5    4
 -0.005301881470507845   11    9    6    3
 -0.01435097788213834   11    9    6    4
 -1.245871209987557e-14   11    9    7    1
 -2.749256662024134e-15   11    9    7    2
 -6.10365357340873e-13   11    9    7    3
 -7.881482503010244e-13   11    9    7    4
 -1.767245042210183e-11   11    9    8    3
 9.102358329838667e-12   11    9    8    4
 -6.489738635129026e-14   11    9    8    5
 -1.262188048655728e-14   11    9    8    6
 -2.931171562057432e-15   11    9    9    1
 -2.089617391615866e-11   11    9    9    3
 -4.297302098270935e-11   11    9    9    4
 -1.372820197399243e-14   11    9    9    5
 6.676972091723212e-14   11    9    9    6
 -6.328053528091364e-12   11    9   10    1
 1.734297006909526e-12   11    9   10    2
 -5.59874294544438e-14   11    9   10    3
 2.697403717800657e-14   11    9   10    4
 -1.337740494980559e-11   11    9   10    5
 -2.590925875274579e-12   11    9   10    6
 -0.0001801174528598362   11    9   10    7
 0.00910854976863189   11    9   10    8
 -1.025840847327328e-15   11    9   10   10
 -3.12336892770533e-11   11    9   11    1
 8.584728729699804e-12   11    9   11    2
 -2.942648766227959e-14   11    9   11    3
 -5.971968334380827e-14   11    9   11    4
 -5.978420464121888e-12   11    9   11    5
 2.84576034337382e-11   11    9   11    6
 -0.0008685029890390938   11    9   11    7
 0.02035818037432596   11    9   11    9
 0.01234021041905454   11   10    3    3
 0.00967763386535397   11   10    4    3
 -0.01234021041905494   11   10    4    4
 0.01038184891127574   11   10    5    1
 0.008720023616598509   11   10    5    2
 2.070985360543597e-05   11   10    6    1
 1.739482187414662e-05   11   10    6    2
 -2.469949758452308e-15   11   10    7    1
 -1.255012678717658e-12   11   10    7    5
 -1.839060197474472e-14   11   10    7    6
 -2.666834803052315e-11   11   10    8    1
 -2.120117699805417e-11   11   10    8    2
 1.303339744714367e-15   11   10    8    3
 6.048447800156557e-15   11   10    8    4
 -1.261231762465292e-14   11   10    8    5
 -2.438980619045822e-15   11   10    8    6
 1.305215206397826e-05   11   10    8    7
 -5.701657736441805e-12   11   10    9    1
 -4.562172914874083e-12   11   10    9    2
 -5.350263395014451e-15   11   10    9    3
 1.66334508889688e-15   11   10    9    4
 -2.48198403325144e-15   11   10    9    5
 1.257324705464326e-14   11   10    9    6
 2.706865046840716e-06   11   10    9    7
 4.457826602420583e-15   11   10   10    1
 -1.273803309323655e-11   11   10   10    3
 -2.61471553837191e-11   11   10   10    4
 -1.997893138376085e-15   11   10   11    1
 -2.616094514643549e-11   11   10   11    3
 1.271518483955869e-11   11   10   11    4
 0.02063254458347369   11   10   11   10
 0.3435973998355242   11   11    1    1
 -0.04239951765734047   11   11    2    1
 0.5641145094407272   11   11    2    2
 0.5352970862187684   11   11    3    3
 2.164635878107815e-15   11   11    4    1
 0.0123402104190545   11   11    4    3
 0.554652353949475   11   11    4    4
 2.070985360555995e-05   11   11    5    1
 1.739482187379133e-05   11   11    5    2
 0.5090294041393401   11   11    5    5
 -0.0103818489112757   11   11    6    1
 -0.008720023616598351   11   11    6    2
 0.5090294041393373   11   11    6    6
 -1.00032451215061e-10   11   11    7    1
 1.743814741907386e-11   11   11    7    2
 1.152697700037231e-14   11   11    7    5
 1.11388053341345e-12   11   11    7    6
 0.268247244268138   11   11    7    7
 5.674773252925765e-12   11   11    8    1
 4.535715255473155e-12   11   11    8    2
 -3.493372204330303e-15   11   11    8    3
 -1.474464150683419e-15   11   11    8    4
 -4.221702917877817e-10   11   11    8    5
 -8.830719213479577e-11   11   11    8    6
 -2.706865045656683e-06   11   11    8    7
 0.5909224260797022   11   11    8    8
 -2.81831909851472e-11   11   11    9    1
 -2.266590970459583e-11   11   11    9    2
 -2.951977678543484e-15   11   11    9    3
 -7.697822045887225e-15   11   11    9    4
 -8.827991942738875e-11   11   11    9    5
 4.208435266352937e-10   11   11    9    6
 1.305215205918866e-05   11   11    9    7
 0.5909224260797035   11   11    9    9
 -1.8343683118869e-15   11   11   10    1
 -3.755232848661239e-10   11   11   10    3
 1.827283018670592e-10   11   11   10    4
 -4.65297220451378e-15   11   11   10    5
 -2.012353389791228e-15   11   11   10    6
 -1.201341017645538e-15   11   11   10    7
 1.071849248255701e-15   11   11   10    9
 0.6014796742286426   11   11   10   10
 -5.470049669605771e-15   11   11   11    1
 -2.081824875034042e-10   11   11   11    3
 -4.278310470032281e-10   11   11   11    4
 1.686090810185623e-15   11   11   11    5
 -2.939778266909888e-15   11   11   11    6
 -1.07691103666959e-15   11   11   11    7
 0.6427447633955889   11   11   11   11
 -7.673172548342059e-12   12    1    1    1
 1.176081750737712e-11   12    1    2    1
 -4.323715481303565e-11   12    1    2    2
 -3.24532324557462e-11   12    1    3    3
 -1.652313321451085e-15   12    1    4    3
 -3.245409961963124e-11   12    1    4    4
 3.473256145378583e-15   12    1    5    2
 3.480934356500726e-15   12    1    5    3
 -4.521149009332466e-15   12    1    5    4
 -2.444930717422074e-11   12    1    5    5
 3.524495484578731e-15   12    1    6    3
 3.337049807736571e-15   12    1    6    4
 3.509483192725733e-13   12    1    6    5
 -2.748887744480741e-11   12    1    6    6
 -0.005012324954242126   12    1    7    1
 0.0004499085778735203   12    1    7    2
 9.875222627541973e-12   12    1    7    7
 -0.01159924188054092   12    1    8    5
 -0.002429691808042481   12    1    8    6
 4.385310354557502e-11   12    1    8    8
 -0.002429691808042493   12    1    9    5
 0.01159924188054089   12    1    9    6
 -3.971127460564018e-13   12    1    9    8
 4.80730579381812e-11   12    1    9    9
 -0.02445815894827429   12    1   10    3
 0.01190136162605132   12    1   10    4
 -7.054617905272106e-15   12    1   10    8
 7.548256341136495e-11   12    1   10   10
 -0.01190136162605163   12    1   11    3
 -0.02445815894827424   12    1   11    4
 1.971962798563729e-15   12    1   11    8
 6.165942777993325e-15   12    1   11    9
 2.54449328437483e-15   12    1   11   10
 7.54871694710825e-11   12    1   11   11
 0.01360241025649701   12    1   12    1
 1.007938205436419e-10   12    2    1    1
 -4.671855608247836e-11   12    2    2    1
 4.401765069208017e-10   12    2    2    2
 3.400149753408413e-15   12    2    3    2
 3.659618728001305e-10   12    2    3    3
 -1.040048467141918e-15   12    2    4    1
 1.584522203434725e-15   12    2    4    2
 1.684715214734912e-14   12    2    4    3
 3.65961246565012e-10   12    2    4    4
 4.585452007673993e-15   12    2    5    1
 -2.544267648614594e-14   12    2    5    2
 -3.751340741139503e-14   12    2    5    3
 4.765720928460772e-14   12    2    5    4
 5.14716783843281e-10   12    2    5    5
 6.159459253107418e-15   12    2    6    2
 -3.729596719895624e-14   12    2    6    3
 -3.436551382021831e-14   12    2    6    4
 -6.219311649787027e-12   12    2    6    5
 5.685823997809819e-10   12    2    6    6
 0.0414598253993399   12    2    7    1
 0.009158195680258531   12    2    7    2
 -1.405358046141748e-15   12    2    7    3
 3.356345973498334e-15   12    2    7    6
 -7.881380478848005e-11   12    2    7    7
 2.733358677251613e-15   12    2    8    2
 4.801315685730113e-15   12    2    8    3
 0.2020197644133318   12    2    8    5
 0.04231705586562468   12    2    8    6
 -6.66802975316477e-10   12    2    8    8
 3.428044336505359e-15   12    2    9    2
 3.818498680573239e-15   12    2    9    3
 -4.43150794890124e-15   12    2    9    4
 0.0423170558656249   12    2    9    5
 -0.2020197644133307   12    2    9    6
 1.70055232327219e-15   12    2    9    7
 6.683903256296071e-12   12    2    9    8
 -7.378301813391982e-10   12    2    9    9
 3.497160370932676e-15   12    2   10    2
 0.1904184729608592   12    2   10    3
 -0.09265779618901328   12    2   10    4
 -5.667215951701764e-15   12    2   10    5
 3.913133385258761e-15   12    2   10    6
 7.469825590042303e-14   12    2   10    8
 -8.809098263349125e-15   12    2   10    9
 -4.743487603957296e-10   12    2   10   10
 7.322066415013922e-15   12    2   11    2
 0.09265779618901304   12    2   11    3
 0.1904184729608585   12    2   11    4
 -1.593424057326586e-15   12    2   11    5
 -2.121096130603982e-15   12    2   11    6
 -2.126752719364811e-14   12    2   11    8
 -6.700600541735227e-14   12    2   11    9
 -1.373616859938974e-14   12    2   11   10
 -4.743822465098377e-10   12    2   11   11
 -0.03650889950379258   12    2   12    1
 0.2475435563287011   12    2   12    2
 -7.556650354148205e-12   12    3    3    1
 1.638438168190606e-11   12    3    3    2
 -2.525524305134041e-15   12    3    5    2
 -5.451472243726508e-12   12    3    5    3
 -4.352507223059342e-12   12    3    5    4
 -2.425736378381164e-15   12    3    6    2
 -4.529272739752968e-12   12    3    6    3
 5.827080750129359e-12   12    3    6    4
 1.027484948884384e-15   12    3    6    5
 -1.100798082923659e-15   12    3    7    1
 0.0001133410692452021   12    3    7    3
 -0.002889370435403824   12    3    8    3
 -0.001433568065708862   12    3    8    4
 -5.611023917957718e-15   12    3    8    5
 -1.208418713869254e-15   12    3    8    6
 0.001433568065708919   12    3    9    3
 -0.002889370435403855   12    3    9    4
 -1.173211116312172e-15   12    3    9    5
 5.514721128565615e-15   12    3    9    6
 -0.005711677264574519   12    3   10    1
 0.008828891302991311   12    3   10    2
 -5.521223905622905e-15   12    3   10    3
 2.559882115320093e-15   12    3   10    4
 -0.001657481020022372   12    3   10    5
 -0.003423584683253281   12    3   10    6
 -9.235798246759258e-13   12    3   10    7
 5.50746145340731e-12   12    3   10    8
 -7.622470803249973e-12   12    3   10    9
 -2.032463800214631e-15   12    3   10   10
 -0.002779307173559697   12    3   11    1
 0.004296146262530339   12    3   11    2
 -2.556616317189984e-15   12    3   11    3
 -5.293516891000264e-15   12    3   11    4
 -0.00342358468325343   12    3   11    5
 0.001657481020022301   12    3   11    6
 -4.494535969303262e-13   12    3   11    7
 7.034066570602379e-12   12    3   11    8
 5.807218395873274e-12   12    3   11    9
 -1.970945553218181e-15   12    3   11   10
 1.814967969980175e-15   12    3   11   11
 1.011819355915794e-15   12    3   12    1
 -6.550436508446208e-15   12    3   12    2
 0.01055660143106588   12    3   12    3
 -7.557569214200074e-12   12    4    4    1
 1.638445022145793e-11   12    4    4    2
 3.06095758854345e-15   12    4    5    2
 -4.352385431958275e-12   12    4    5    3
 5.451817619863875e-12   12    4    5    4
 1.098177215384597e-15   12    4    5    5
 -2.112871670592823e-15   12    4    6    2
 5.827897877726729e-12   12    4    6    3
 4.529598389787204e-12   12    4    6    4
 0.0001133410692452668   12    4    7    4
 -0.001433568065709027   12    4    8    3
 0.002889370435403729   12    4    8    4
 -4.770587092326347e-15   12    4    8    5
 -1.094479453341921e-15   12    4    8    8
 -0.00288937043540371   12    4    9    3
 -0.001433568065708973   12    4    9    4
 -1.055306218740466e-15   12    4    9    5
 4.735212640824638e-15   12    4    9    6
 0.002779307173559381   12    4   10    1
 -0.004296146262530242   12    4   10    2
 -4.524741896183917e-15   12    4   10    3
 2.2756436059527e-15   12    4   10    4
 -0.003423584683253347   12    4   10    5
 0.001657481020022001   12    4   10    6
 4.493857123939018e-13   12    4   10    7
 7.032445923788341e-12   12    4   10    8
 5.806160920889797e-12   12    4   10    9
 -1.53430368645307e-15   12    4   10   10
 -0.00571167726457456   12    4   11    1
 0.008828891302991288   12    4   11    2
 -2.589488667788662e-15   12    4   11    3
 -4.79341414274853e-15   12    4   11    4
 0.001657481020021942   12    4   11    5
 0.003423584683253472   12    4   11    6
 -9.23603030583733e-13   12    4   11    7
 -5.504868526281122e-12   12    4   11    8
 7.623405114577908e-12   12    4   11    9
 2.049935931017891e-15   12    4   11   10
 1.2877028974649e-15   12    4   11   11
 -5.659128813718903e-15   12    4   12    2
 0.01055660143106575   12    4   12    4
 1.444100288302245e-15   12    5    2    1
 -4.664581511549299e-15   12    5    2    2
 -2.450776873263411e-15   12    5    3    2
 1.161481297635035e-11   12    5    3    3
 3.246441032407849e-15   12    5    4    2
 9.298319218068001e-12   12    5    4    3
 -1.161597578715959e-11   12    5    4    4
 1.884195313370607e-11   12    5    5    1
 4.300695363817064e-11   12    5    5    2
 -2.926719875033787e-13   12    5    6    1
 -5.211861989895045e-13   12    5    6    2
 0.00206516054751256   12    5    7    5
 0.008219823475327029   12    5    8    1
 0.01687761024800751   12    5    8    2
 -3.27258834149704e-15   12    5    8    5
 5.834371518200786e-13   12    5    8    7
 3.344382465970481e-15   12    5    8    8
 0.001721805439290146   12    5    9    1
 0.003535350998043492   12    5    9    2
 3.269653121799965e-15   12    5    9    6
 1.221469800114411e-13   12    5    9    7
 1.05799240541391e-15   12    5    9    8
 0.002926010853756056   12    5   10    3
 0.00604377716604569   12    5   10    4
 -1.832526745185241e-15   12    5   10    9
 -1.244240032601738e-13   12    5   10   10
 0.006043777166043009   12    5   11    3
 -0.002926010853761585   12    5   11    4
 1.71134605243343e-15   12    5   11    8
 -1.146890715937994e-11   12    5   11   10
 1.203350152480805e-13   12    5   11   11
 -3.495766161761571e-15   12    5   12    2
 0.01542192605478787   12    5   12    5
 1.148407258725551e-15   12    6    2    2
 -2.496970650004406e-15   12    6    3    2
 9.749362340255737e-12   12    6    3    3
 -2.402008606697978e-15   12    6    4    2
 -1.257352458494558e-11   12    6    4    3
 -9.749664921456198e-12   12    6    4    4
 -2.92662373833399e-13   12    6    5    1
 -5.211830418615332e-13   12    6    5    2
 2.137674861552074e-11   12    6    6    1
 4.752094575839833e-11   12    6    6    2
 0.002065160547512657   12    6    7    6
 0.001721805439290135   12    6    8    1
 0.003535350998043468   12    6    8    2
 2.409763526545962e-15   12    6    8    5
 1.221596248348583e-13   12    6    8    7
 -0.008219823475326953   12    6    9    1
 -0.0168776102480077   12    6    9    2
 -2.387679811540172e-15   12    6    9    6
 -5.828732868554456e-13   12    6    9    7
 -1.366954335152407e-15   12    6    9    8
 -1.383948718950167e-15   12    6    9    9
 0.006043777166046306   12    6   10    3
 -0.002926010853759728   12    6   10    4
 1.870045806328811e-15   12    6   10    8
 -1.020919835956562e-11   12    6   10   10
 -0.002926010853757715   12    6   11    3
 -0.006043777166042141   12    6   11    4
 1.991214516906241e-15   12    6   11    9
 -1.656560795973933e-13   12    6   11   10
 1.021104326557387e-11   12    6   11   11
 2.605251718185824e-15   12    6   12    2
 0.01542192605478799   12    6   12    6
 0.008172716306900685   12    7    1    1
 -0.000810819288600699   12    7    2    1
 0.01917439254126143   12    7    2    2
 0.01809359548683566   12    7    3    3
 0.01809359548683548   12    7    4    4
 0.01635282329033438   12    7    5    5
 0.0163528232903343   12    7    6    6
 -7.205395215032064e-13   12    7    7    1
 -1.273229839024357e-12   12    7    7    2
 0.00227581393580914   12    7    7    7
 -2.815581875610077e-12   12    7    8    5
 -5.871834239813639e-13   12    7    8    6
 0.01890975497450883   12    7    8    8
 -5.866157939111139e-13   12    7    9    5
 2.788076161902921e-12   12    7    9    6
 0.01890975497450888   12    7    9    9
 -4.936235759124256e-12   12    7   10    3
 2.40197459635173e-12   12    7   10    4
 0.02134128048146399   12    7   10   10
 -2.401907400919668e-12   12    7   11    3
 -4.936114692441732e-12   12    7   11    4
 0.02134128048146356   12    7   11   11
 2.002590635944116e-12   12    7   12    1
 -6.6845060051808e-12   12    7   12    2
 0.003430757835800051   12    7   12    7
 0.007122380831083661   12    8    3    3
 0.003533786317652263   12    8    4    3
 -0.007122380831083092   12    8    4    4
 0.0100729728240501   12    8    5    1
 0.01752931580219486   12    8    5    2
 0.00210998441150601   12    8    6    1
 0.003671863682456165   12    8    6    2
 5.224587055381316e-15   12    8    7    1
 1.078929819505084e-15   12    8    7    2
 -2.336376113085557e-12   12    8    7    5
 -4.930494890483373e-13   12    8    7    6
 -3.252320237786515e-11   12    8    8    1
 -5.574200985224509e-11   12    8    8    2
 2.762943326045792e-14   12    8    8    5
 6.143845063191318e-15   12    8    8    6
 0.0005803988935252987   12    8    8    7
 2.681472350193092e-13   12    8    9    1
 5.594140248159384e-13   12    8    9    2
 6.353534200456021e-15   12    8    9    5
 -2.661927057377636e-14   12    8    9    6
 4.994825832750995e-15   12    8   10    2
 -1.142937597851514e-11   12    8   10    3
 -1.467271654385699e-11   12    8   10    4
 -1.966384406202601e-15   12    8   10    6
 0.002010050197596203   12    8   10   10
 -1.32760553788348e-15   12    8   11    2
 -1.465065906910206e-11   12    8   11    3
 1.147773618380448e-11   12    8   11    4
 -2.333209637472619e-15   12    8   11    5
 0.009692201266516605   12    8   11   10
 -0.002010050197595456   12    8   11   11
 -2.214388256763203e-15   12    8   12    1
 2.940160508124485e-14   12    8   12    2
 -3.322651564407602e-11   12    8   12    5
 -6.943591845088877e-12   12    8   12    6
 0.02205806633404832   12    8   12    8
 1.03313276144933e-15   12    9    2    2
 -0.003533786317651626   12    9    3    3
 0.00712238083108325   12    9    4    3
 0.003533786317652692   12    9    4    4
 0.002109984411506024   12    9    5    1
 0.00367186368245619   12    9    5    2
 -0.01007297282405003   12    9    6    1
 -0.01752931580219509   12    9    6    2
 2.48464813836192e-15   12    9    7    1
 -4.938366233991102e-13   12    9    7    5
 2.37487685319201e-12   12    9    7    6
 2.681445511106036e-13   12    9    8    1
 5.594130729235381e-13   12    9    8    2
 1.284411093196985e-14   12    9    8    5
 1.108207935856175e-15   12    9    8    6
 -3.537269945369276e-11   12    9    9    1
 -6.168668115088003e-11   12    9    9    2
 2.118370622571846e-15   12    9    9    5
 -1.305380006927313e-14   12    9    9    6
 0.0005803988935254871   12    9    9    7
 1.571337053312288e-11   12    9   10    3
 -1.198966552607268e-11   12    9   10    4
 1.907355447781257e-15   12    9   10    5
 -0.009692201266515611   12    9   10   10
 -4.315297616522591e-15   12    9   11    2
 -1.197812187993344e-11   12    9   11    3
 -1.569122814001349e-11   12    9   11    4
 -1.540620855182881e-15   12    9   11    6
 0.002010050197595831   12    9   11   10
 0.009692201266516988   12    9   11   11
 -1.138109948532167e-15   12    9   12    1
 1.372317751166555e-14   12    9   12    2
 -6.940039555887713e-12   12    9   12    5
 3.30533399002265e-11   12    9   12    6
 0.02205806633404891   12    9   12    9
 -0.007571804068267936   12   10    3    1
 0.01046578091682586   12   10    3    2
 0.003684446510002657   12   10    4    1
 -0.005092658186316992   12   10    4    2
 -0.002053173527474254   12   10    5    3
 -0.004240901317004082   12   10    5    4
 -0.004240901317004059   12   10    6    3
 0.002053173527474084   12   10    6    4
 6.740036663209192e-14   12   10    7    3
 -3.279309821231289e-14   12   10    7    4
 4.989817077991037e-15   12   10    8    2
 5.407859151046769e-12   12   10    8    3
 6.890590191076286e-12   12   10    8    4
 -2.696946117114073e-15   12   10    8    5
 -7.554710401714559e-12   12   10    9    3
 5.745201906027847e-12   12   10    9    4
 2.667739143235191e-15   12   10    9    6
 1.679390094617323e-11   12   10   10    1
 -2.166811160288171e-11   12   10   10    2
 -1.87287857133782e-15   12   10   10    3
 2.057910268582967e-15   12   10   10    4
 7.73064185979331e-14   12   10   10    5
 3.949765097111653e-12   12   10   10    6
 0.001002392416479728   12   10   10    7
 -0.001218352136528521   12   10   10    8
 0.00587473593189266   12   10   10    9
 1.033891110909501e-15   12   10   11    1
 -3.324919529997377e-15   12   10   11    4
 4.696853247852518e-12   12   10   11    5
 9.364395404091514e-14   12   10   11    6
 -0.005874735931892571   12   10   11    8
 -0.001218352136528584   12   10   11    9
 -3.161576644589802e-15   12   10   12    2
 -1.736391662757681e-11   12   10   12    3
 8.44868750493661e-12   12   10   12    4
 0.01567901024053191   12   10   12   10
 -0.003684446510003088   12   11    3    1
 0.005092658186317139   12   11    3    2
 -0.007571804068267986   12   11    4    1
 0.01046578091682583   12   11    4    2
 -0.004240901317004453   12   11    5    3
 0.002053173527473875   12   11    5    4
 0.002053173527474036   12   11    6    3
 0.004240901317004453   12   11    6    4
 3.278911098603801e-14   12   11    7    3
 6.736171496861721e-14   12   11    7    4
 -1.506303074736672e-15   12   11    8    2
 6.892939469911403e-12   12   11    8    3
 -5.405483942662891e-12   12   11    8    4
 -3.235567625033111e-15   12   11    8    5
 -4.721021226848124e-15   12   11    9    2
 5.744751220683859e-12   12   11    9    3
 7.556441512788647e-12   12   11    9    4
 3.417947541695458e-15   12   11    9    6
 1.030947364129097e-15   12   11   10    1
 -2.505677100202029e-15   12   11   10    3
 4.697005567127355e-12   12   11   10    5
 9.450267932979554e-14   12   11   10    6
 -0.005874735931892818   12   11   10    8
 -0.001218352136528355   12   11   10    9
 1.679526276572744e-11   12   11   11    1
 -2.166965857377262e-11   12   11   11    2
 -2.43302965994261e-15   12   11   11    3
 -3.942335646227266e-15   12   11   11    4
 -7.629301042334406e-14   12   11   11    5
 -3.950574889311572e-12   12   11   11    6
 0.001002392416479931   12   11   11    7
 0.001218352136528409   12   11   11    8
 -0.005874735931892754   12   11   11    9
 -3.848646393207749e-15   12   11   12    2
 -8.449722711777367e-12   12   11   12    3
 -1.736353943228328e-11   12   11   12    4
 0.01567901024053215   12   11   12   11
 0.3462946074392757   12   12    1    1
 -0.05369764630140188   12   12    2    1
 0.5957198735118943   12   12    2    2
 -1.368124774179404e-15   12   12    3    2
 0.5440523430748774   12   12    3    3
 1.789313104446479e-15   12   12    4    1
 -1.535644630594771e-15   12   12    4    2
 0.5440523430748763   12   12    4    4
 0.507722413016045   12   12    5    5
 0.5077224130160424   12   12    6    6
 -9.834206381069599e-11   12   12    7    1
 1.765689600958981e-11   12   12    7    2
 -1.880135086282268e-15   12   12    7    5
 -1.264468922538349e-15   12   12    7    6
 0.2688476652725802   12   12    7    7
 1.936806587391514e-15   12   12    8    1
 5.186767089323009e-15   12   12    8    2
 1.499936925929908e-15   12   12    8    3
 -1.537563374677148e-15   12   12    8    4
 -4.085067011753523e-10   12   12    8    5
 -8.544308362118845e-11   12   12    8    6
 1.186032868795911e-15   12   12    8    7
 0.5901750350043821   12   12    8    8
 1.889742143169507e-15   12   12    9    2
 -1.26581459721612e-15   12   12    9    4
 -8.541544343773576e-11   12   12    9    5
 4.071644413880131e-10   12   12    9    6
 -4.764505255665974e-15   12   12    9    7
 0.5901750350043831   12   12    9    9
 -3.838483643665019e-10   12   12   10    3
 1.867824183506052e-10   12   12   10    4
 -5.496544539383429e-15   12   12   10    5
 -1.957994172674853e-15   12   12   10    6
 -1.296566009027291e-15   12   12   10    7
 0.6216321431831104   12   12   10   10
 -1.124678111540496e-15   12   12   11    1
 -1.867791133098364e-10   12   12   11    3
 -3.838475985816208e-10   12   12   11    4
 2.806572377007944e-15   12   12   11    5
 -5.024958923976938e-15   12   12   11    6
 -1.278845941014882e-15   12   12   11    9
 0.6216321431831092   12   12   11   11
 9.321238127520134e-11   12   12   12    1
 -5.088217326912663e-10   12   12   12    2
 -1.473910511368914e-15   12   12   12    5
 0.02321937347041788   12   12   12    7
 0.6622155774413671   12   12   12   12
 -4.730747901884615    1    1  0  0
 0.2699351881544345    2    1  0  0
 -5.506515415088123    2    2  0  0
 -1.321240922567845e-15    3    1  0  0
 4.619218538497199e-15    3    2  0  0
 -5.336264417925952    3    3  0  0
 -1.053731747337264e-14    4    1  0  0
 6.289101323818766e-15    4    2  0  0
 2.145941904462765e-15    4    3  0  0
 -5.336264417925944    4    4  0  0
 -2.993416685273161e-15    5    1  0  0
 2.46312455651797e-15    5    2  0  0
 -5.027214206069071    5    5  0  0
 -1.02355740766505e-15    6    1  0  0
 1.465026642809783e-15    6    4  0  0
 -1.142500334492099e-15    6    5  0  0
 -5.027214206069044    6    6  0  0
 2.148207847585906e-10    7    1  0  0
 -2.844681432572794e-10    7    2  0  0
 -5.917338231133141e-15    7    3  0  0
 -3.388784786821815e-15    7    4  0  0
 1.816807187715089e-14    7    5  0  0
 9.900637981474392e-15    7    6  0  0
 -2.936068169728618    7    7  0  0
 -1.022795867592897e-14    8    1  0  0
 -1.667508537147583e-14    8    2  0  0
 -2.227710783465628e-14    8    3  0  0
 2.108458886771154e-14    8    4  0  0
 4.318130241974817e-11    8    5  0  0
 9.432620599195323e-12    8    6  0  0
 -9.633445112086919e-15    8    7  0  0
 -5.446152335530144    8    8  0  0
 -5.609463942944969e-15    9    2  0  0
 1.388644432431249e-14    9    3  0  0
 2.022117170704009e-14    9    4  0  0
 9.514537496100194e-12    9    5  0  0
 -4.726470163528091e-11    9    6  0  0
 3.69085635772308e-14    9    7  0  0
 -5.454989016313613e-15    9    8  0  0
 -5.446152335530143    9    9  0  0
 2.566795417921366e-15   10    2  0  0
 1.519537522001712e-10   10    3  0  0
 -7.393545494403327e-11   10    4  0  0
 -1.217604654770181e-15   10    5  0  0
 9.46153333025965e-15   10    7  0  0
 1.920274688165386e-15   10    8  0  0
 -6.867152753379151e-15   10    9  0  0
 -5.48574092292816   10   10  0  0
 9.961006909678649e-15   11    1  0  0
 3.978087476872766e-15   11    2  0  0
 7.394770975910263e-11   11    3  0  0
 1.519538911666714e-10   11    4  0  0
 -1.034344926359619e-15   11    6  0  0
 7.628435718839851e-15   11    7  0  0
 -2.272502723733515e-15   11    8  0  0
 7.701786944744848e-15   11    9  0  0
 2.347450766784919e-15   11   10  0  0
 -5.485740922928152   11   11  0  0
 -1.410682856396685e-10   12    1  0  0
 2.868570355112194e-10   12    2  0  0
 2.829887360333841e-15   12    3  0  0
 -4.875057330010054e-15   12    5  0  0
 -0.1839770190295012   12    7  0  0
 -2.599790276094018e-15   12    9  0  0
 -2.135079775558358e-15   12   10  0  0
 -5.480080892509832   12   12  0  0
 -2051.658413758115  0  0  0  0
